50 50 150
36 23
19 19
25 46
31 39
34 26
29 28
47 3
38 22
7 43
28 7
49 1
19 19
1 35
3 5
18 15
3 5
23 42
31 39
2 47
6 49
20 41
39 8
32 36
17 21
22 33
17 21
4 9
40 45
29 28
7 43
3 5
30 37
49 1
45 16
1 35
15 44
31 39
12 6
33 17
10 13
36 23
2 47
50 14
25 46
39 8
27 12
19 19
25 46
40 45
25 46
22 33
46 11
11 38
6 49
29 28
47 3
29 28
5 29
6 49
10 13
14 20
49 1
8 25
9 27
4 9
6 49
20 41
8 25
24 31
46 11
28 7
38 22
44 2
35 18
4 9
40 45
12 6
16 40
37 30
30 37
25 46
23 42
29 28
36 23
15 44
23 42
47 3
21 50
15 44
30 37
12 6
48 34
42 10
33 17
45 16
26 48
11 38
26 48
19 19
21 50
10 13
40 45
49 1
20 41
32 36
50 14
42 10
33 17
6 49
35 18
1 35
35 18
8 25
20 41
33 17
20 41
32 36
32 36
44 2
41 24
13 32
17 21
17 21
37 30
4 9
32 36
43 4
5 29
28 7
45 16
16 40
5 29
34 26
31 39
2 47
41 24
47 3
11 38
26 48
25 46
31 39
4 9
44 2
4 9
5 29
37 30
1 35
22 33
48 34
18 15
