100
223405872852590071 575
672410912830441058 159
273829498572390719 32
365894469265320930 78
433545938362360357 115
81620813105619843 568
176511066460776109 647
38499685321655873 106
749893612886149413 811
988927960202895779 110
76694594578539763 844
876369648642876646 993
492756909752300132 445
740523440857737328 333
116654090118882557 824
803172278660023022 167
719316611086632820 446
173394866928354248 677
696938301889354971 981
634553806121756841 492
731904208498832262 96
767170142562902630 899
821151556736187272 924
713572052134234205 79
464725517708057829 552
702983598121594159 645
136602923251955408 416
474143320925526776 565
198947261416377598 837
521200309370068993 647
841489134947595808 116
84507154425779172 391
20418741414760034 43
204828289830247301 914
437811372462886080 837
68762779285076103 681
320050822797064349 10
849540080955966145 766
58499683107759552 605
440260780040266323 58
257844017648606693 464
669555555876755215 712
817223638417356488 262
524949418057739876 204
932328042587907219 35
460351573744248096 306
798825884190989726 639
385683778563919380 269
45935944443123709 720
205017372400327618 613
163425288037672956 360
845449997644068736 952
651652061884706205 174
516684412758513520 880
560607940226869172 522
197519405769063601 981
359494841440971885 342
128345540372380004 134
139721957119809624 357
413706422080239663 503
290876882660468870 585
882270527250453918 948
932946164441262103 94
840907250615391942 664
988980426310185171 18
721629565967781692 774
500229136953784620 629
58157238846683238 561
519923727793992083 762
476582649965022700 502
848053905630436461 541
455388500247122482 963
914129598140336664 974
889704412921407508 512
516066486765137400 289
926724496531201048 968
738718128813604687 765
717990534647696132 641
762225692080004934 114
844815114038831785 911
660338624918828301 8
957072909391661767 585
261556420597621385 625
645389767737761508 759
833754989132308588 834
481429925179288873 239
130311669848521627 139
928638031933760594 412
365538810145104298 657
92662780117005481 823
319220669941845956 541
242073421604285065 272
298784432402474458 665
895323545018838380 305
212604048506656551 234
410544967487472989 923
572074429745613907 991
947689625545802000 955
115161796451304380 64
481292694566253671 311
