100
999999999999999990 2
999999999999999998 3
999999999999999973 4
999999999999999966 5
999999999999999965 6
999999999999999923 7
999999999999999903 8
999999999999999989 9
999999999999999918 10
999999999999999984 11
999999999999999940 12
999999999999999913 13
999999999999999972 14
999999999999999979 15
999999999999999925 16
999999999999999900 17
999999999999999924 18
999999999999999946 19
999999999999999907 20
999999999999999906 21
999999999999999946 22
999999999999999935 23
999999999999999916 24
999999999999999907 25
999999999999999960 26
999999999999999971 27
999999999999999956 28
999999999999999931 29
999999999999999987 30
999999999999999963 31
999999999999999941 32
999999999999999926 33
999999999999999986 34
999999999999999959 35
999999999999999966 36
999999999999999932 37
999999999999999908 38
999999999999999981 39
999999999999999978 40
999999999999999960 41
999999999999999993 42
999999999999999958 43
999999999999999933 44
999999999999999939 45
999999999999999979 46
999999999999999995 47
999999999999999941 48
999999999999999959 49
999999999999999914 50
999999999999999944 51
999999999999999987 52
999999999999999922 53
999999999999999978 54
999999999999999951 55
999999999999999917 56
999999999999999950 57
999999999999999970 58
999999999999999983 59
999999999999999980 60
999999999999999929 61
999999999999999907 62
999999999999999940 63
999999999999999969 64
999999999999999946 65
999999999999999964 66
999999999999999956 67
999999999999999949 68
999999999999999981 69
999999999999999960 70
999999999999999977 71
999999999999999933 72
999999999999999972 73
999999999999999924 74
999999999999999978 75
999999999999999933 76
999999999999999914 77
999999999999999991 78
999999999999999909 79
999999999999999942 80
999999999999999986 81
999999999999999972 82
999999999999999922 83
999999999999999963 84
999999999999999947 85
999999999999999975 86
999999999999999900 87
999999999999999994 88
999999999999999955 89
999999999999999967 90
999999999999999994 91
999999999999999994 92
999999999999999956 93
999999999999999963 94
999999999999999939 95
999999999999999963 96
999999999999999994 97
999999999999999916 98
999999999999999947 99
999999999999999928 100
999999999999999924 101
