100
1000000000000000000 901
1000000000000000000 902
1000000000000000000 903
1000000000000000000 904
1000000000000000000 905
1000000000000000000 906
1000000000000000000 907
1000000000000000000 908
1000000000000000000 909
1000000000000000000 910
1000000000000000000 911
1000000000000000000 912
1000000000000000000 913
1000000000000000000 914
1000000000000000000 915
1000000000000000000 916
1000000000000000000 917
1000000000000000000 918
1000000000000000000 919
1000000000000000000 920
1000000000000000000 921
1000000000000000000 922
1000000000000000000 923
1000000000000000000 924
1000000000000000000 925
1000000000000000000 926
1000000000000000000 927
1000000000000000000 928
1000000000000000000 929
1000000000000000000 930
1000000000000000000 931
1000000000000000000 932
1000000000000000000 933
1000000000000000000 934
1000000000000000000 935
1000000000000000000 936
1000000000000000000 937
1000000000000000000 938
1000000000000000000 939
1000000000000000000 940
1000000000000000000 941
1000000000000000000 942
1000000000000000000 943
1000000000000000000 944
1000000000000000000 945
1000000000000000000 946
1000000000000000000 947
1000000000000000000 948
1000000000000000000 949
1000000000000000000 950
1000000000000000000 951
1000000000000000000 952
1000000000000000000 953
1000000000000000000 954
1000000000000000000 955
1000000000000000000 956
1000000000000000000 957
1000000000000000000 958
1000000000000000000 959
1000000000000000000 960
1000000000000000000 961
1000000000000000000 962
1000000000000000000 963
1000000000000000000 964
1000000000000000000 965
1000000000000000000 966
1000000000000000000 967
1000000000000000000 968
1000000000000000000 969
1000000000000000000 970
1000000000000000000 971
1000000000000000000 972
1000000000000000000 973
1000000000000000000 974
1000000000000000000 975
1000000000000000000 976
1000000000000000000 977
1000000000000000000 978
1000000000000000000 979
1000000000000000000 980
1000000000000000000 981
1000000000000000000 982
1000000000000000000 983
1000000000000000000 984
1000000000000000000 985
1000000000000000000 986
1000000000000000000 987
1000000000000000000 988
1000000000000000000 989
1000000000000000000 990
1000000000000000000 991
1000000000000000000 992
1000000000000000000 993
1000000000000000000 994
1000000000000000000 995
1000000000000000000 996
1000000000000000000 997
1000000000000000000 998
1000000000000000000 999
1000000000000000000 1000
