40
852161068269347999 1000
617676850869352499 1000
383211882605018999 1000
745481052658657499 1000
518899306858268999 1000
251778014313465000 1000
831665344701999000 1000
725443539419545500 1000
545328926476002000 1000
380203232501140500 1000
234784310597626501 1000
626742720357499501 1000
323899519235778001 1000
143382442624075501 1000
885480712385548501 1000
308345829654348002 1000
681135669537328502 1000
570742063368433502 1000
579982184765806502 1000
863213911785702002 1000
42567132241084799 10
49484081486157959 10
13134437851394939 10
10131982176610919 10
52668882811919819 10
20634848578872900 10
30080936012497800 10
13908229000797480 10
46882634436502620 10
23535815292504780 10
31362730631396281 10
49980001780253881 10
38488913240933161 10
7474848489871141 10
38305808097070141 10
36678852712830062 10
11146014749313842 10
57779666654588702 10
19454399283023342 10
33138406472007842 10
