100
480881517446222877 500
699435559153271914 2
177378860523790302 512
807508487903706700 125
933108169107158738 125
504980412799504238 2
704549295932784270 8
241855489848612553 500
460341743729229192 500
397053446751452914 25
651398731240963101 5
631126715460673107 8
314893478415434261 625
469349449567463688 729
671258917530854870 125
448009160896368584 8
126529007794302630 512
413027131255450758 500
963569838548664057 1000
391925768265532505 1000
465824492159670700 125
536235812781588538 625
666865556643820549 729
807367971985092645 729
210718023260502349 625
884744040970573682 512
817428836552527252 25
736465724652480493 8
736530450172365934 25
797036068764367163 8
873450476056352042 2
940249157401405204 500
767108066915037241 500
664880248745773799 5
264386608416915549 125
216087328976061846 8
239346627295028110 729
928495651541604911 625
788287187444832798 125
509849190566764274 729
732782385119103993 25
102289701418439024 125
168539606911376042 5
250987831096233576 2
179311585901139582 729
622306083400878328 2
592712202159391015 512
452452519070952192 2
970479149859852138 729
127899822801360084 125
910577872761385451 625
176406841242902327 125
918894775003412042 625
479530298210727381 512
502296001208479030 8
447988185034684313 8
653451735538681911 2
511908660793812095 729
907367655188233981 125
758918286670515205 625
834086722662110642 729
237311328287246602 500
143332039282791365 512
841727950767576977 125
165657460539152732 625
728519809206249796 8
745382802459675429 125
144662084226311548 625
624783141935394389 25
181636078578234990 25
131298174204020477 1000
801211752799360001 500
630365401067118003 8
712966969372881801 512
351932595524344281 5
519550267173327641 125
564037517949294215 625
551671752607802768 8
816030063677765523 1000
918912020148096064 625
159061613038795448 25
810413261438809840 1000
656520521391046289 512
786881843797964289 25
629357987766773014 500
414567563688393663 512
837946696906623018 8
874608213571340277 125
128780398460457208 625
207185044158722766 5
775478138257381202 2
723615300727785503 25
758407953113783736 8
172862662067399951 5
889279848236710555 512
267870322404424097 125
392979111344489483 1000
707719232124876208 5
651861897630724129 125
565495831268567754 500
