100
624820900860922930 2
209339522655411774 12
732529596666830588 22
999911987169356849 32
436183503677192103 42
349856866556525208 52
441787380577437753 62
508189345664598871 72
847935552061437897 82
530681365995267594 92
442999324032477662 102
210865143164692361 112
156764147065814053 122
969276884213428350 132
454397450469703488 142
583762029707716888 152
51484857315580725 162
939664589422235297 172
184837949817511904 182
58077844531949456 192
313242824522453271 202
159117569923242114 212
157578538554237787 222
535709922470560602 232
203649499073688015 242
873136344015658449 252
977590378579102159 262
259466754177683307 272
512540784350900580 282
205205186270506852 292
661040072581727732 302
174628942273650878 312
592556003222412537 322
49979459436231138 332
620163046029092941 342
248326965321817988 352
503450942602658914 362
950814226465404648 372
172385631993622708 382
126191841939774686 392
97672271022897898 402
854089509315066398 412
614098315159348101 422
494072082097281771 432
531330818195025836 442
750905344385368088 452
858163206574495734 462
670818133345327245 472
622901775189835626 482
670316064187835297 492
332208774301197890 502
136642124989944804 512
4561207031726396 522
757063726078983946 532
191146546630463024 542
308744891210265053 552
746056571211312531 562
913612850580358941 572
413652498162786936 582
693935773943010741 592
588952243223841066 602
925646495237216034 612
231157321697545551 622
476941482765053758 632
973113761237219900 642
382291772644361443 652
836272105022348904 662
337201994233809279 672
530534136486076972 682
954984851682414357 692
913721638823135266 702
604158900119070422 712
772735208535656781 722
176545909364766477 732
65061572970116873 742
683696710048296484 752
980299868874414738 762
722007320509193267 772
74317606266952781 782
481703913394692499 792
457376795682494517 802
998405176208189160 812
105855720512834078 822
562639398882395453 832
528984916181219535 842
370483219627530451 852
73578561574817993 862
419608664265595096 872
118740476126167170 882
938161286094258026 892
405562380104061882 902
544034189508519816 912
96287408274858435 922
500871117160791185 932
161701333140620530 942
162453444974243786 952
332976955046372235 962
828133247739148027 972
775614618990811501 982
300587722653386914 992
