30 30
.........*..*.*...**...*....**
....*....*.............*.**.*.
..*.....**..................*.
.............*.............*..
....****........*.............
*............*..*..........*..
.*...........*......*.........
..*.........*..**...*.........
......*.*............**.*.....
....**.......*........*.......
......*..................*.*..
.**.....*.**...............*.*
....*................*........
....*.*.*............*........
.......*...........*.....*...*
.*......**............*.*....*
..*..*.*..**..........*......*
.........*......*..*..*..*....
..........*....*........*.....
*........*........*..*........
....*.*....*......*.........**
....*.....*.....*..........*..
.*......**....................
.......*........*...*.*.*.....
.......*.........*.*.......*..
.....*.....*........**....*...
**..*.............***...*.*.**
*.................*........*..
*..*..............*...**......
......*.*.................*.*.
760
3 2
19 23
24 10
23 19
28 23
3 13
21 10
3 4
16 24
25 14
9 27
11 1
28 7
30 10
13 6
8 14
28 13
21 8
4 24
4 30
23 24
30 6
25 24
3 27
10 24
19 21
8 19
23 21
20 25
9 20
15 2
28 3
4 9
17 13
14 25
29 12
3 7
27 15
7 19
12 18
29 26
16 8
4 19
17 17
17 4
15 1
18 21
13 20
3 20
29 9
7 24
14 1
20 14
1 3
16 17
27 22
4 17
24 28
20 12
24 9
20 24
21 28
6 26
5 3
29 18
7 8
24 26
5 14
29 13
25 6
8 8
12 8
25 5
4 3
21 24
3 15
24 30
5 23
9 14
7 13
23 6
16 4
11 6
5 26
26 16
19 3
9 13
13 8
20 27
15 27
28 27
7 18
18 24
30 28
4 16
9 3
8 27
1 14
11 13
5 4
11 4
7 22
25 30
14 11
22 8
27 18
7 9
3 19
5 18
6 24
28 20
24 14
22 23
19 27
21 16
12 24
16 13
27 8
5 21
1 21
2 15
10 12
19 14
21 13
10 28
4 8
2 6
15 23
9 2
26 7
12 23
13 12
9 26
9 30
24 2
18 12
26 19
2 11
14 28
18 1
2 30
8 29
1 9
7 4
14 17
9 21
16 18
12 14
16 1
18 18
19 22
13 27
22 15
14 13
11 5
28 25
9 18
10 2
23 13
21 23
7 27
23 28
11 3
3 16
29 8
8 25
11 18
3 5
2 23
6 5
6 11
1 17
30 19
26 30
22 10
4 20
18 4
8 28
11 29
29 7
4 21
19 29
27 17
10 25
15 11
17 29
30 22
30 21
7 28
12 6
22 19
14 27
21 27
16 15
29 27
9 6
18 2
27 11
25 7
5 13
11 25
2 17
19 2
20 13
13 28
8 20
2 13
18 3
16 27
5 10
16 14
13 14
19 1
25 15
26 26
10 17
5 24
3 18
28 8
16 21
26 23
26 11
16 26
6 23
19 24
20 7
4 11
4 23
9 19
23 29
8 24
16 11
12 17
15 13
12 5
18 30
18 5
10 22
13 21
27 16
9 12
12 16
26 3
28 22
8 15
8 2
19 8
21 18
6 29
19 26
5 30
25 3
12 26
2 14
17 2
22 30
23 14
26 14
28 4
7 29
4 22
3 22
9 17
28 10
30 17
11 11
14 14
13 17
28 30
2 22
1 5
15 3
26 5
29 16
19 15
26 17
23 4
3 28
7 30
23 18
8 9
1 27
23 20
30 1
30 15
11 22
8 1
6 19
24 18
24 5
17 16
14 30
20 29
13 25
22 25
16 3
14 21
30 26
13 18
9 10
13 29
9 4
13 10
28 12
19 13
30 13
4 2
11 20
5 11
28 9
9 5
12 4
26 29
4 4
10 26
8 4
3 23
26 1
28 29
22 1
24 27
24 16
24 29
20 23
15 29
12 10
20 8
18 6
25 26
6 6
10 10
8 12
15 22
24 4
17 24
6 2
26 28
17 15
26 4
28 11
30 14
3 25
27 4
5 2
13 13
22 18
4 12
28 16
10 18
9 8
29 10
19 6
16 12
10 13
16 28
11 16
1 22
14 2
21 17
14 20
18 16
5 25
25 21
15 19
29 21
22 9
5 27
13 3
20 11
22 27
7 17
28 6
17 28
30 24
10 3
1 12
7 6
7 12
20 17
4 5
22 22
27 12
2 20
29 28
11 21
23 22
12 20
10 19
13 26
25 11
11 9
30 5
17 5
29 5
29 25
21 11
13 2
15 7
11 30
20 2
14 18
18 15
21 20
27 3
6 27
11 8
16 6
7 11
20 5
23 3
19 4
12 15
22 26
3 12
25 22
15 17
8 7
16 19
10 16
19 18
25 10
21 25
17 7
25 1
20 4
26 15
5 1
3 26
23 30
21 6
20 28
12 22
2 21
20 30
27 6
25 13
18 7
15 28
19 30
11 12
29 20
9 29
7 7
10 8
24 12
20 21
15 12
10 7
7 23
22 12
25 27
21 2
7 3
21 21
12 27
17 10
28 24
30 8
27 14
29 3
4 13
28 5
2 28
22 6
26 25
21 26
29 30
7 5
19 17
24 15
20 9
14 16
27 7
18 29
5 22
4 26
15 16
3 17
17 20
3 14
12 13
11 27
5 20
17 19
19 5
26 10
7 1
29 15
20 15
7 20
16 29
16 22
9 1
5 19
21 14
30 12
5 29
6 20
1 18
21 22
29 29
27 10
10 29
4 25
2 25
19 7
26 2
19 28
19 9
6 15
28 18
11 15
28 26
6 10
14 10
24 11
22 24
2 16
2 9
30 2
23 15
7 25
25 25
15 10
13 16
25 2
20 26
29 14
6 21
25 17
4 6
10 30
20 20
5 15
10 20
16 7
3 8
30 3
24 13
1 1
4 27
13 19
14 3
27 26
7 15
9 11
6 9
3 6
2 2
26 9
15 15
1 11
1 23
9 28
10 27
3 30
22 21
4 10
24 19
14 29
13 1
27 13
2 7
29 11
6 16
18 14
20 18
3 11
6 12
14 24
1 16
11 14
22 13
5 9
4 7
22 14
21 4
6 30
30 23
2 1
4 29
6 22
15 4
26 24
8 5
7 16
24 6
26 8
30 4
16 16
27 23
22 16
21 1
21 3
23 11
11 24
14 6
17 1
30 25
30 18
5 28
2 8
8 18
12 19
24 20
23 7
15 21
14 12
2 4
14 26
13 24
21 9
24 24
25 29
17 9
23 23
18 22
25 19
10 1
28 15
28 21
18 25
8 6
1 4
1 25
24 22
19 20
14 15
13 9
11 19
1 2
1 26
9 24
15 24
6 4
23 8
23 26
19 10
27 28
20 16
22 20
14 23
8 26
8 11
17 27
4 1
11 2
25 16
7 10
18 19
13 23
1 7
25 12
28 2
17 18
6 3
27 9
25 4
13 11
12 25
23 12
6 18
10 4
4 15
18 28
6 7
15 25
15 14
22 2
23 1
13 15
11 17
15 9
2 12
23 16
6 13
1 8
12 29
17 14
19 12
22 3
16 20
3 24
25 9
13 7
30 16
1 28
18 27
12 21
5 16
25 23
14 19
24 7
29 17
10 15
21 15
3 21
29 2
2 18
12 1
23 27
2 3
10 21
28 14
29 6
17 26
8 23
18 11
18 13
6 25
22 29
11 10
23 17
18 9
24 3
19 19
2 19
9 15
14 8
5 12
4 18
11 23
17 22
3 1
15 5
10 11
26 18
6 8
16 5
27 24
17 25
23 5
9 16
15 18
26 20
23 25
24 1
30 20
7 26
15 6
12 7
22 4
28 17
22 7
30 11
1 6
14 4
8 22
20 3
8 30
17 21
13 4
8 10
30 30
10 9
13 30
26 13
20 6
18 8
29 22
