30 30
*......*....****......***.*.**
*..*....**.**.....*......*....
..*...............*....*..***.
*...*.*........*.****.....*..*
........*....*.......*...*....
........**..........**..*.....
**........*.*..*....*.........
...........*......*.**.*....**
.**..*.*.*.*..*.....*.....*.*.
*..**...*......*..*....**...*.
.**...............*..*....*...
..........................*...
...***.*.*..*..*.**..*.*..**..
*....**...**...*...**......*..
......*.*......**.***......*..
...*........*.**.**.*....*.*..
*.*.*..........*..***........*
.....*.....**..*..*...........
........*.***...*......*..*...
......*....*..........*....*..
.*.*.****..*.**....****.*.....
*.....*......*...*.*.****.....
..*.*.......*...*.............
*.*.................***..*....
.....*....***...*.***.*.......
**.....*.*.*......**..**....*.
*....*....*..****.......*....*
...*..*.......*.*..*.*.*.*...*
.**...*....*..**.....*.*.*..**
...*....**.*.*...........**.*.
670
18 14
30 17
18 22
15 6
24 2
5 12
6 15
27 9
11 20
12 28
26 17
18 8
22 19
18 15
11 23
15 26
30 11
2 2
10 15
23 11
7 7
3 10
17 29
11 11
2 15
26 16
10 7
6 14
13 21
24 6
13 14
11 1
24 30
11 18
24 20
25 5
19 28
21 19
22 8
28 5
23 28
28 23
12 20
8 28
15 12
6 3
26 21
12 21
12 18
17 23
14 13
3 15
20 29
9 25
20 3
5 30
6 30
15 15
12 15
22 10
19 21
3 17
27 12
4 12
20 11
20 22
30 19
28 13
10 18
6 12
17 26
3 22
27 2
29 18
5 18
2 25
23 18
9 28
19 5
16 8
14 24
3 7
19 15
2 30
14 27
16 2
17 27
16 14
26 3
20 2
14 26
3 1
15 3
15 2
26 6
4 8
25 2
18 23
26 18
11 7
27 19
14 15
19 14
11 8
6 1
5 28
7 19
11 30
28 29
21 30
28 6
17 2
2 23
25 29
30 30
9 24
12 10
12 23
14 3
13 26
22 26
29 19
11 14
7 15
10 27
5 17
17 9
12 30
19 8
29 14
12 2
1 3
19 29
14 14
29 28
13 20
17 24
21 26
13 3
20 15
23 15
15 11
24 12
25 14
18 7
11 24
19 1
8 18
30 15
26 28
14 30
2 21
23 12
7 17
4 26
6 18
25 9
30 8
5 20
8 16
1 21
8 3
7 27
23 8
16 27
28 16
20 20
4 25
23 21
8 20
17 18
30 13
13 17
13 29
26 25
25 22
9 9
3 20
24 15
8 1
27 23
25 15
15 4
15 5
15 23
2 24
9 1
16 22
23 24
1 28
15 8
4 10
8 11
6 17
29 1
5 24
17 28
19 20
6 29
27 3
7 26
12 19
2 5
8 27
4 17
16 6
24 24
15 14
30 25
9 19
6 8
14 23
10 20
12 3
15 29
30 2
18 3
20 6
1 2
18 10
23 22
23 6
6 28
11 12
10 10
17 7
24 14
2 20
20 30
1 5
11 21
30 22
10 30
18 25
22 2
14 19
22 30
24 10
5 27
20 26
25 16
1 17
16 12
15 1
12 26
27 26
11 17
20 9
24 27
30 16
8 10
8 13
6 19
24 11
28 19
11 10
13 2
18 28
28 3
27 5
18 24
5 13
4 15
25 25
9 5
27 21
26 13
17 25
12 29
30 20
18 5
5 16
7 4
22 4
27 20
29 10
10 28
24 7
13 11
13 9
12 11
4 28
28 18
26 14
7 29
8 23
1 19
30 28
16 23
9 16
16 11
8 7
7 5
8 17
18 9
28 9
20 17
26 22
3 25
21 3
19 18
1 20
15 13
28 8
25 1
21 28
17 8
23 20
23 10
15 18
23 2
2 11
13 7
21 18
25 3
19 26
9 4
8 26
27 8
19 6
28 28
30 21
18 30
3 2
8 25
30 7
7 10
4 2
4 22
19 3
7 25
17 17
24 9
21 5
1 6
11 15
26 11
2 3
9 14
5 10
18 18
24 29
1 11
10 17
27 18
28 21
21 13
15 25
6 23
2 29
20 8
4 11
6 26
1 22
19 16
3 13
19 22
16 17
20 19
23 26
8 2
12 7
22 28
15 22
17 22
17 12
25 7
9 26
3 9
20 24
20 13
10 8
25 27
22 13
23 4
26 30
5 6
9 11
24 4
22 27
21 16
16 24
7 14
23 25
17 4
24 13
7 12
13 25
3 14
9 22
3 23
4 6
23 19
7 22
18 1
12 4
29 4
7 28
1 26
19 30
28 10
12 14
27 24
16 30
6 27
2 27
23 30
26 5
5 5
1 4
2 16
5 19
20 5
26 9
11 13
27 13
10 22
4 4
8 8
18 11
19 23
30 24
8 6
12 25
20 21
4 14
24 28
12 24
26 7
10 23
3 11
25 4
28 11
11 4
12 1
9 18
2 14
29 6
22 9
29 20
12 5
5 25
14 10
21 11
29 9
21 29
14 9
3 12
5 29
29 27
20 1
20 4
29 13
10 12
9 7
16 3
3 8
23 1
10 3
23 7
5 7
27 22
8 5
18 27
18 20
1 7
29 23
24 25
29 25
5 15
25 10
30 18
7 9
18 26
22 3
28 1
15 27
17 14
16 1
13 23
23 27
5 8
3 4
21 27
7 18
2 7
25 24
8 4
24 5
16 10
28 12
20 16
17 13
19 2
29 8
4 29
17 10
26 15
27 27
19 25
5 21
10 2
20 10
20 27
16 29
21 24
14 25
16 9
14 22
22 15
27 4
28 2
10 26
8 14
5 23
25 30
26 4
16 5
11 29
19 19
17 6
30 3
6 2
13 15
12 22
17 15
15 24
10 21
13 12
21 17
30 23
23 9
11 5
6 5
3 5
11 6
22 12
15 30
2 22
7 20
7 24
10 6
22 17
13 1
20 14
25 18
12 9
22 5
24 17
14 2
23 16
9 17
28 27
16 7
12 13
4 24
11 26
10 14
5 1
24 8
2 18
20 25
6 11
11 9
1 18
5 3
7 23
4 13
23 23
8 15
3 26
18 17
21 1
8 9
6 24
30 1
30 6
14 5
27 10
6 20
6 4
5 4
24 18
9 30
12 17
28 25
7 3
18 4
11 25
13 30
4 23
25 26
12 16
9 23
2 17
22 21
22 29
12 12
7 8
24 19
29 17
10 13
2 6
10 11
27 29
15 10
14 8
1 10
19 4
2 8
18 21
12 8
9 13
19 10
30 5
25 28
3 18
20 18
6 6
18 29
4 3
22 11
29 11
28 14
29 21
6 16
26 27
27 28
16 20
22 6
26 26
29 5
5 2
4 9
7 30
12 6
7 6
3 21
14 18
14 4
6 7
21 10
14 17
11 16
14 29
16 25
22 16
9 20
1 12
3 6
3 16
17 11
11 28
5 11
6 13
27 7
23 29
18 2
19 7
1 9
25 8
2 28
3 30
23 14
24 16
1 1
1 8
1 13
1 14
1 15
