100
M 12 0 0
M 8 0 0
F 41 2 0
F 72 1 0
F 71 2 0
M 52 1 1
F 18 0 0
M 39 0 0
M 13 0 0
M 49 2 0
F 111 2 0
M 8 0 0
M 27 0 1
M 35 0 0
M 89 1 0
F 4 0 0
F 10 0 0
M 39 1 0
F 19 2 0
F 80 2 0
M 35 2 1
F 27 2 0
F 98 1 0
M 68 1 0
F 7 0 0
M 101 1 0
M 15 2 0
F 63 0 1
F 48 2 0
F 56 0 1
M 70 2 0
F 104 1 0
M 117 2 0
F 10 0 0
M 50 0 0
M 102 2 1
F 96 0 0
F 109 2 0
F 15 1 0
F 64 1 0
F 30 0 0
M 120 1 1
M 82 2 1
M 14 0 0
F 114 0 0
M 62 0 0
F 1 0 0
M 69 1 0
F 49 2 0
F 84 0 0
M 5 0 0
M 42 2 0
M 58 1 0
F 9 0 0
F 6 0 0
M 95 1 1
F 21 1 0
F 18 1 0
F 29 1 1
M 86 1 0
F 62 2 0
M 21 1 0
M 11 0 0
M 22 1 0
M 18 2 0
F 12 0 0
M 120 1 0
M 117 0 0
F 21 1 0
M 56 0 0
F 63 1 0
M 42 0 0
M 13 0 0
F 16 2 0
F 93 0 0
M 81 1 0
F 120 0 0
M 32 0 0
F 13 0 0
F 36 2 0
F 68 2 1
M 120 1 0
M 1 0 0
F 106 2 0
F 27 1 1
M 20 2 0
F 47 1 1
M 36 0 0
M 116 2 0
M 97 2 1
M 113 1 0
M 51 0 0
M 37 1 0
M 7 0 0
M 38 2 0
M 2 0 0
F 14 0 0
F 57 1 0
F 30 2 0
F 109 2 0
