100
F 15 1 0
F 15 0 0
F 16 2 0
F 13 0 0
F 13 0 0
F 15 0 0
M 16 1 0
M 13 0 0
M 14 0 0
M 14 0 0
F 15 0 0
M 16 2 0
M 13 0 0
M 14 0 0
M 14 0 0
F 14 0 0
M 14 0 0
F 16 2 0
M 14 0 0
F 14 0 0
M 15 1 0
M 14 0 0
M 16 2 0
F 14 0 0
F 13 0 0
M 15 2 0
F 16 0 0
F 14 0 0
F 14 0 0
F 16 0 0
F 16 2 0
F 14 0 0
F 15 0 0
M 16 1 0
M 16 0 0
F 13 0 0
M 14 0 0
F 13 0 0
F 16 2 0
F 15 1 0
M 14 0 0
F 16 0 0
F 13 0 0
M 15 1 0
F 15 2 0
F 14 0 0
M 13 0 0
F 16 2 0
M 14 0 0
F 13 0 0
M 14 0 0
F 13 0 0
F 16 2 0
F 14 0 0
F 14 0 0
F 14 0 0
F 15 1 0
M 13 0 0
F 13 0 0
F 13 0 0
M 15 0 0
M 15 0 0
F 14 0 0
F 16 1 0
F 16 1 0
M 15 0 0
F 13 0 0
F 15 1 0
M 16 2 0
M 14 0 0
F 15 0 0
F 16 1 0
F 13 0 0
F 16 1 0
F 16 1 0
M 14 0 0
F 15 1 0
F 15 0 0
M 15 2 0
F 14 0 0
F 15 0 0
M 13 0 0
M 13 0 0
M 16 2 0
M 15 0 0
F 13 0 0
F 15 2 0
M 13 0 0
F 16 1 0
M 16 1 0
M 16 0 0
F 15 1 0
F 15 0 0
F 13 0 0
M 16 0 0
M 16 1 0
M 16 0 0
F 14 0 0
F 16 0 0
M 14 0 0
