100
M 16 2 0
M 22 1 0
M 78 0 0
F 74 1 0
M 66 0 0
F 72 1 0
F 44 2 0
F 120 1 0
M 68 0 0
F 79 0 0
F 46 0 0
F 115 2 1
M 111 1 0
M 99 0 1
F 85 0 0
F 56 2 0
M 111 0 0
M 70 2 1
M 105 2 0
M 18 0 0
M 108 1 0
F 81 0 1
F 80 1 1
M 50 1 0
M 61 1 0
M 104 1 0
F 52 2 0
M 101 1 0
F 67 1 0
M 98 2 0
F 116 1 0
F 112 2 0
F 37 2 0
M 28 2 0
M 112 0 0
M 61 1 0
F 95 0 0
M 85 2 0
F 112 2 0
M 55 2 0
F 97 0 1
M 110 2 1
M 71 0 1
M 33 1 0
F 65 1 1
F 119 2 0
M 46 0 0
M 54 1 0
F 56 0 0
M 42 2 0
M 51 2 0
M 17 1 0
F 72 2 0
M 42 1 0
M 54 0 0
F 119 0 0
M 19 2 0
M 25 1 1
M 65 2 0
M 21 0 1
F 50 0 0
F 97 2 0
F 16 2 0
M 18 2 0
F 56 0 0
F 68 1 0
F 85 1 0
M 48 2 0
M 50 2 0
F 20 0 1
F 99 1 0
F 81 2 0
M 62 1 0
M 93 1 0
M 99 0 0
F 23 2 0
F 71 2 0
F 98 0 0
M 63 1 1
M 18 0 0
F 44 0 1
M 29 0 0
M 71 2 0
M 114 2 0
M 79 1 0
M 34 2 0
F 91 2 0
F 53 2 0
F 69 1 0
F 67 1 0
F 104 2 0
M 67 2 0
F 19 0 0
F 104 1 0
M 89 2 0
F 28 1 0
F 59 0 0
F 54 1 0
M 41 2 0
M 103 0 0
