62
M 0 0 0
M 1 0 0
M 2 0 0
M 3 0 0
M 4 0 0
M 5 0 0
M 6 0 0
M 7 0 0
M 8 0 0
M 9 0 0
M 10 0 0
M 11 0 0
M 12 0 0
M 13 0 0
M 14 0 0
M 15 0 0
M 16 0 0
M 17 0 0
M 18 0 0
M 19 0 0
M 20 0 0
M 21 0 0
M 22 0 0
M 23 0 0
M 24 0 0
M 25 0 0
M 26 0 0
M 27 0 0
M 28 0 0
M 29 0 0
M 30 0 0
F 0 0 0
F 1 0 0
F 2 0 0
F 3 0 0
F 4 0 0
F 5 0 0
F 6 0 0
F 7 0 0
F 8 0 0
F 9 0 0
F 10 0 0
F 11 0 0
F 12 0 0
F 13 0 0
F 14 0 0
F 15 0 0
F 16 0 0
F 17 0 0
F 18 0 0
F 19 0 0
F 20 0 0
F 21 0 0
F 22 0 0
F 23 0 0
F 24 0 0
F 25 0 0
F 26 0 0
F 27 0 0
F 28 0 0
F 29 0 0
F 30 0 0
