100
F 71 2 0
F 109 0 0
F 40 2 0
F 81 1 0
F 47 0 0
F 23 0 0
F 104 0 0
F 54 0 0
F 92 1 0
F 84 2 0
F 79 2 0
F 90 0 0
F 96 1 0
F 64 1 0
F 35 1 0
F 60 0 0
F 83 1 0
F 90 0 0
F 114 1 0
F 101 0 0
F 90 1 0
F 47 1 0
F 36 1 0
F 97 2 0
F 16 0 0
F 71 2 0
F 57 2 0
F 49 0 0
F 70 2 0
F 33 1 0
F 30 0 0
F 76 0 0
F 48 1 0
F 70 0 0
F 46 1 0
F 59 0 0
F 105 0 0
F 119 2 0
F 120 1 0
F 81 1 0
F 91 0 0
F 108 1 0
F 115 1 0
F 62 2 0
F 73 2 0
F 75 0 0
F 119 2 0
F 21 1 0
F 108 0 0
F 22 2 0
F 56 1 0
F 61 1 0
F 120 1 0
F 56 0 0
F 82 0 0
F 17 1 0
F 57 1 0
F 106 0 0
F 25 2 0
F 119 0 0
F 40 0 0
F 46 0 0
F 97 0 0
F 74 0 0
F 46 2 0
F 74 0 0
F 33 2 0
F 63 1 0
F 39 0 0
F 27 0 0
F 53 0 0
F 35 1 0
F 62 0 0
F 115 2 0
F 48 1 0
F 85 0 0
F 21 1 0
F 82 0 0
F 36 1 0
F 90 0 0
F 90 0 0
F 54 0 0
F 72 2 0
F 78 1 0
F 113 1 0
F 110 2 0
F 82 1 0
F 80 1 0
F 20 1 0
F 101 0 0
F 68 1 0
F 20 2 0
F 96 2 0
F 105 2 0
F 46 1 0
F 87 2 0
F 65 2 0
F 32 1 0
F 92 2 0
F 71 2 0
