50 50
123 -314 537 -731 530 -303 771 -685 -415 -116 977 -484 160 -874 530 76 546 767 903 638 -439 337 -250 649 469 883 198 906 536 -802 -254 -983 956 52 -977 -803 478 14 -233 497 -949 -302 382 16 -895 -953 -520 -335 -839 -679
-303 -664 157 -850 -21 732 -261 -830 -398 -671 180 -843 380 862 -734 117 497 684 -98 991 669 14 -339 -192 267 -204 -928 -459 589 218 576 978 -66 30 136 549 -908 820 692 700 -766 373 -311 122 -29 -800 -850 -228 -169 747
-595 -95 -208 394 -985 -469 864 194 479 -552 -496 609 186 665 -646 -964 963 362 -838 -807 -762 943 432 -641 -951 -737 432 828 -6 258 263 -978 375 -46 31 697 536 -662 702 541 88 -402 118 -95 514 -190 661 -891 427 -202
691 69 507 267 -436 105 34 -653 -298 240 -10 -407 16 843 397 -799 -296 590 118 -826 227 153 724 -281 498 -59 407 952 634 -222 -993 -76 810 254 334 -60 -789 -521 426 949 658 693 -238 377 798 100 -669 957 -67 -784
-502 860 686 469 -376 -754 -490 -132 -878 -156 -282 -50 150 436 -946 -633 244 658 860 412 -789 10 -342 635 586 795 52 -799 894 967 456 68 -496 600 496 385 113 971 -89 566 728 -502 921 -704 -572 -183 -574 -472 488 -531
516 113 587 28 941 -186 -73 554 -615 -698 970 -97 -799 -94 250 94 778 -572 208 430 -998 954 217 814 -267 507 -141 725 170 -459 -549 509 629 -589 -243 877 -252 -905 117 -653 -895 -65 -338 -410 -753 -833 -202 152 576 503
-29 944 265 -893 735 -888 725 -227 -124 -953 -288 -464 -977 -726 522 762 -717 430 -47 2 -749 -372 530 -326 -61 -184 -769 -941 199 150 -817 -691 -285 52 -412 144 556 825 230 -920 -562 751 -315 831 -82 453 702 295 -285 -206
545 -132 -854 -875 -756 66 592 164 -259 -864 -908 448 -590 900 -134 -527 -820 722 -232 -386 350 -847 540 -273 167 -347 500 -689 -457 938 4 -434 -667 -601 -87 -98 -241 -855 441 -32 576 -637 393 11 816 -704 -254 776 -142 31
-682 323 -127 -545 526 -912 -572 -505 -453 29 -525 -999 113 -622 -916 901 743 -397 -47 -622 424 660 622 -417 604 135 -346 72 981 14 542 -907 -160 403 -361 -327 -478 758 23 985 218 -241 -455 758 154 945 -628 -640 -402 -713
860 -203 779 835 -561 578 -568 265 767 -772 -831 -264 -615 -637 -651 -711 -426 10 -74 742 -718 -297 -586 202 -977 -27 -50 411 -398 -152 565 254 -782 -10 -158 -725 -64 497 322 -304 -409 862 -886 -728 5 179 -518 575 967 263
-361 962 155 282 441 554 -849 -870 905 -622 26 -712 -251 463 -367 168 -959 612 -588 -848 -600 662 -490 643 609 565 -729 -265 -483 246 205 820 -732 -693 604 962 -991 -334 -54 -477 -670 294 -887 -50 346 976 94 101 -2 -182
-326 -213 -246 -470 -809 955 -943 232 0 -153 406 -438 -475 452 43 -244 36 143 -193 -818 -550 229 139 -404 -292 174 -101 997 614 87 231 -823 619 -352 585 -616 232 133 -609 981 772 512 36 -190 681 888 -842 -955 327 15
202 -734 722 -587 492 -733 660 -712 124 656 907 -98 435 404 -666 397 989 289 -434 -554 -784 -378 -493 651 696 256 81 132 -491 -487 837 91 783 719 157 363 -224 -42 736 579 -112 -423 -564 -797 530 552 730 -840 -328 -965
-343 664 -207 50 -713 -909 -625 -333 -6 -675 537 71 432 -127 380 761 -633 -963 933 143 275 422 704 -702 763 677 -286 908 28 242 417 481 442 754 -202 944 -179 -561 -456 -748 -713 297 -221 708 489 -301 976 187 33 254
-375 351 656 -911 -667 -868 780 -981 610 671 974 714 884 -608 26 761 -799 -666 -458 -165 -48 -34 91 -70 73 -479 -958 332 990 432 783 348 914 325 -569 -904 -508 -749 612 -619 815 41 -62 -556 476 -765 -955 236 959 893
484 -134 -258 -478 126 765 -938 437 -231 136 712 -811 481 403 989 -947 -646 294 -952 709 -444 678 -50 470 -318 -967 809 525 321 -371 -494 -840 -242 301 -965 133 -966 556 341 523 -168 -984 921 155 -953 -657 168 -257 820 -856
-180 -482 -722 -76 -76 115 758 113 -682 944 -26 849 -677 -842 493 -259 218 -776 373 170 408 169 140 354 583 72 -716 -340 -287 -189 678 63 -453 -78 -825 -615 -365 -94 164 -623 -14 -195 346 534 41 -772 33 -70 253 873
-970 -964 -13 472 -166 535 -342 -859 -598 -715 -637 914 528 -782 -37 -586 221 -949 -810 -967 814 159 127 -509 75 -385 880 100 -259 379 750 -780 -879 572 826 451 -222 -210 -976 34 618 -614 -93 252 150 -885 11 204 -741 -541
950 -727 173 -357 911 -281 -997 69 588 770 274 -72 221 402 -674 300 431 -121 8 -306 -498 560 -479 -211 -849 -591 39 533 980 -702 866 316 401 -526 -429 -468 -411 649 486 -826 -477 -741 572 -277 -685 -279 -370 972 -156 -610
-825 850 -424 -298 53 -78 -81 891 -349 390 -565 822 -998 448 -245 469 985 -299 -987 844 -250 -113 20 -322 -691 -620 330 -816 649 -723 -757 16 763 954 -855 908 -64 -731 711 -186 105 881 815 682 45 103 481 -347 -233 51
17 89 -268 -592 707 507 -634 352 555 -5 161 -896 940 -799 236 -784 -673 -35 681 -605 746 -601 -945 826 -641 -325 792 9 -265 159 -551 -981 448 871 437 117 -354 30 -868 704 -504 -867 -895 948 745 -964 265 -44 -414 448
-556 550 6 -906 -116 993 -166 624 -46 309 115 186 888 668 -951 -52 -367 792 -429 -961 783 -65 -843 -440 -584 -194 692 605 66 590 -399 856 508 -237 -426 -790 678 -224 -625 250 749 -944 389 2 -13 368 -639 48 -21 -654
-894 -596 700 -111 445 -997 -842 486 645 868 238 463 -116 -390 -738 738 -256 -267 -986 70 547 227 -169 909 -970 929 849 -31 -53 250 -153 308 254 -40 619 108 -691 455 -638 -26 -761 264 -383 999 72 587 -756 -389 655 -743
63 141 610 -233 67 -732 -325 637 618 631 770 -580 -834 705 228 -351 -984 -222 264 764 699 -795 -763 822 -912 847 533 585 -62 -862 -779 -451 -549 -798 464 -577 660 -201 -271 -521 -770 170 646 -217 941 585 -131 413 -615 80
844 -409 -524 -641 781 859 -235 -492 -351 -741 57 130 -598 -322 -578 -98 -534 616 347 164 402 707 70 69 -646 -558 -551 97 833 -600 -165 -746 974 -227 -223 -965 -991 -481 -712 -568 -147 -960 -945 -994 -384 -981 65 -279 -678 734
735 805 376 -48 -297 160 717 -655 972 391 -82 -598 -166 885 157 -932 -654 536 -24 -595 -686 -943 -688 560 -939 -864 -253 725 578 -791 -710 -8 458 -463 299 712 7 -216 769 -137 888 677 388 677 -12 -888 817 884 677 -683
808 241 620 -62 -483 -635 -204 -802 -315 50 -404 -661 -587 90 837 -846 502 -653 -9 -536 576 -636 -436 -47 391 720 -752 -816 923 -785 -204 185 488 897 338 -522 -53 853 839 993 565 -939 521 -860 121 -4 -688 72 -821 759
898 -451 721 -819 819 -829 -225 748 88 -266 108 658 -713 -60 -623 573 -470 710 -116 737 -59 951 360 -38 885 993 690 -102 -727 -297 -817 530 -463 -16 862 -445 -675 497 688 -295 -291 -4 188 -286 -842 535 702 -183 489 -413
797 532 -696 368 321 -614 -558 -864 117 -270 -666 -855 -939 -894 807 -738 901 897 696 -24 -666 332 -387 -814 -5 356 747 130 -555 928 993 475 -323 -378 78 313 -607 29 -524 -947 -594 638 -930 -495 -775 709 316 -541 -781 -99
-761 -609 -634 -234 339 -867 822 729 -760 -978 -521 -823 407 -887 467 -403 968 601 -327 -774 679 -332 -940 -468 690 470 -880 -239 626 835 352 -700 698 470 -354 509 -147 -306 12 -871 602 -92 677 515 -78 -969 -934 -338 807 -760
615 -380 351 -814 694 -191 -292 912 -304 -230 -291 -459 -628 -935 -704 -394 473 -727 -437 -900 926 -30 602 -239 417 363 94 611 -139 -114 -985 -669 -754 -865 -426 -809 66 -255 461 -597 407 -50 497 548 565 -480 487 126 287 -485
280 -151 -536 -36 -746 638 920 644 -273 -125 -298 -828 -837 -107 998 349 -697 609 310 -661 -159 -311 612 -256 504 -896 -982 393 231 -771 197 -95 875 -594 863 939 -293 -232 379 179 236 251 551 -117 -633 -848 203 69 -593 769
-51 225 -375 -878 -111 401 -861 265 -906 -719 419 79 14 -524 241 -765 687 113 -197 -253 953 525 -68 -561 -138 -753 999 -291 633 -22 -768 -335 755 736 -809 511 915 625 501 -872 269 -513 -833 937 -969 75 -75 861 -962 -464
-216 640 607 -59 284 657 456 111 183 480 -714 674 -902 162 934 -484 -644 -969 -901 -164 -137 201 -50 887 -877 -310 -154 577 739 -217 -67 -495 626 -122 611 -111 -548 274 280 730 588 -901 518 770 -276 -813 -405 -985 -304 -137
771 -548 585 53 632 -537 455 -426 160 -283 -434 -487 -636 454 -619 233 -181 572 530 871 56 -800 203 123 -875 -195 505 -35 -999 -261 -631 -845 -568 -737 394 -794 292 988 530 -276 -395 -222 548 216 -854 91 451 -680 -151 910
4 314 227 -334 788 -132 -359 269 -320 -639 -279 194 746 -523 214 -138 -621 138 -704 -618 931 -479 -187 999 -883 -172 -33 705 -857 -366 -498 218 -57 329 -104 -888 990 341 416 795 186 -981 492 631 -769 -878 -585 498 -430 758
-339 263 963 964 -462 207 187 -269 411 845 642 -593 -775 -760 -981 890 -994 -538 254 311 260 565 -403 778 536 -613 763 378 -137 518 -349 -576 -790 3 73 -847 594 128 -694 468 756 703 -11 -403 -909 561 -63 654 -123 -950
225 153 -223 -24 724 -605 -561 -697 -525 -460 162 -876 974 925 223 429 -100 -411 -314 -450 -165 -110 -887 -523 441 -806 -758 441 967 515 336 -697 605 -28 -106 139 -542 192 951 986 -854 -962 -362 736 700 956 -565 941 391 664
973 655 521 704 -219 347 -866 623 12 -239 762 933 498 -421 -258 618 561 395 39 66 303 217 -491 -571 22 31 -782 -698 -345 -86 944 -240 -881 -257 521 -65 -531 -918 57 971 112 -464 -157 381 -393 501 880 -405 372 105
902 -660 897 309 -612 -401 -880 -911 316 604 912 -354 441 -570 13 252 -207 397 889 -462 922 -476 -82 952 -714 829 829 275 -817 -240 431 653 -70 -215 -868 -706 -281 315 -634 -284 439 801 233 262 605 674 719 998 -889 -993
-794 333 -991 713 43 -640 381 317 892 358 -666 495 709 -396 -615 -554 915 843 -1000 -648 387 896 -129 185 -162 289 -28 -182 156 -725 842 -21 -779 -305 105 75 -834 -373 -118 -277 -974 35 -42 -754 862 -534 531 -546 -559 939
-462 -13 293 -588 9 488 305 -608 816 165 -493 -491 13 728 683 -336 -248 -35 -312 -843 333 -869 -21 605 -130 -946 -401 -447 933 -898 85 498 -989 -74 169 -800 179 838 438 -351 364 88 396 -644 105 359 -597 392 -585 882
-149 -576 354 567 911 -720 -845 -125 377 -424 -687 712 -342 -371 499 -361 795 406 -739 135 30 -879 255 140 -170 -749 -297 -653 -202 272 135 874 706 -8 -795 -313 520 -110 -451 -152 16 -6 925 633 501 -215 -33 -653 314 -74
-1000 -646 459 44 764 -982 -429 -964 4 -402 774 602 220 778 -511 498 661 -795 342 413 -197 413 123 38 717 -839 -588 430 -495 227 -822 -435 202 629 -252 571 431 669 -102 944 789 -680 -231 56 846 -312 122 -703 11 -494
-515 507 -417 -175 598 274 -183 240 459 480 812 -385 -908 356 -262 -238 769 436 290 500 -529 253 936 531 -516 -454 469 -244 -431 580 899 808 443 524 -723 719 261 -28 278 628 335 543 911 -174 -72 -243 171 -467 720 -140
-902 -64 -836 410 -119 627 177 573 969 808 -664 -300 -362 -865 729 -335 -855 350 559 -114 712 -539 -557 80 367 26 -738 -561 -16 -494 -68 426 935 -887 -886 -850 -523 -1 -981 367 238 538 611 454 286 -928 -122 -313 233 131
-315 744 18 782 -237 -634 186 -510 516 -95 -358 -629 377 -683 -897 -405 255 486 707 -994 -870 -571 -621 569 -967 -327 -75 -817 -934 155 -154 -232 -25 713 -594 -771 953 -703 -891 517 328 -894 446 -304 297 674 -998 856 -443 27
-696 108 154 305 -771 261 -727 -580 258 463 644 755 -860 176 -273 704 561 -1 -727 -189 121 -551 -303 406 860 917 -721 634 577 130 709 602 661 -567 254 648 885 -512 -660 858 38 136 41 666 -786 -958 -430 -424 -547 724
-691 178 -857 -46 596 386 -221 -925 186 -676 -510 587 -913 -906 753 571 580 -194 -636 -105 -318 -624 118 -317 491 222 -528 -772 -138 -691 -825 331 314 544 -679 128 -695 518 -662 -809 513 -573 -264 -989 -833 130 200 -951 -691 -173
-66 814 -81 242 369 -740 -322 128 -50 690 -249 508 203 21 -26 -905 598 759 862 489 625 136 -725 -265 477 368 973 338 -77 -694 968 175 456 -316 662 -339 -735 781 -712 209 497 -528 568 -286 -790 605 -597 556 -261 232
100
79 30
16 44
-96 -10
45 96
23 45
27 22
44 26
31 -99
-81 -27
7 28
40 8
6 45
19 31
42 49
49 8
9 10
42 33
30 13
15 22
17 -76
26 23
32 37
-98 -85
9 1
28 44
-96 55
47 37
18 12
35 5
6 37
43 18
5 34
74 -13
16 50
21 46
69 -13
34 3
43 33
-98 -79
-30 -40
18 14
8 19
40 20
39 13
33 30
49 14
34 27
20 11
26 43
49 36
32 33
59 -93
96 -81
30 35
94 -16
-96 64
45 36
33 23
37 22
31 -76
4 49
31 48
97 84
25 15
-99 97
3 43
15 3
37 27
16 47
33 16
44 13
43 65
-76 -30
19 23
26 48
-34 -7
29 7
29 39
8 23
50 43
4 48
45 45
-46 -63
13 20
41 48
5 43
-61 38
45 19
34 37
39 49
-24 -56
93 86
10 26
29 39
-76 -90
50 46
10 48
-72 66
24 17
94 -61
