50 50
129 304 610 -82 853 898 -584 -862 682 738 357 230 195 229 -883 563 -358 -371 696 -497 795 -999 497 156 -716 870 456 -993 740 706 -323 -948 707 754 682 -271 -217 652 775 -440 -591 406 -627 -42 999 -137 190 -313 -165 759
-387 189 908 -592 -611 460 407 752 652 187 314 57 -595 -641 -98 -269 -492 -438 842 745 -191 89 923 -430 -294 -851 50 268 -935 484 -349 300 -943 485 567 -242 -541 248 -489 82 -159 -900 489 922 -525 -211 -385 -740 -562 546
20 -972 545 272 -255 -814 -224 -403 73 290 -567 733 495 76 -667 -841 -298 -961 -69 -971 223 423 218 -75 265 -362 -804 -192 -320 197 -980 687 170 -313 37 -788 -229 422 -303 -773 -213 693 -127 336 590 -121 -8 679 164 422
-565 481 144 304 491 -24 -433 -980 -453 -14 -532 450 250 -241 161 272 719 606 -277 -791 477 -432 -864 927 -260 -352 -790 -777 852 797 76 -420 -74 -267 64 -950 -800 168 786 345 -111 -472 -596 126 580 -451 -802 4 888 -75
-409 -607 -350 439 283 -751 -239 259 408 593 -568 189 430 -601 935 -685 968 -194 130 288 729 -761 22 -437 -44 601 493 -569 -233 -70 -441 736 261 -511 -133 -21 155 -484 -898 160 -221 -133 -710 725 716 -68 754 -803 -478 -908
-786 -131 162 223 80 -716 139 -205 522 431 400 -48 -123 868 336 -649 957 -994 221 -706 914 637 -120 4 -633 -444 -803 -719 735 -236 -506 -375 -293 -634 655 -549 934 427 289 266 2 706 503 954 273 989 -773 851 -197 761
342 -656 30 -489 -950 839 -645 565 -861 -721 557 -253 868 -264 -328 775 -858 -808 -274 -482 -60 -955 -425 377 -640 -360 -142 -666 -841 395 -843 807 350 -855 46 812 857 582 968 -883 -495 -639 -477 -764 -621 -43 -565 -827 128 -183
-436 347 464 -669 757 -893 67 -933 -946 23 -868 -950 260 715 438 960 609 -823 910 -284 460 687 633 -344 -636 -517 483 -472 -571 892 224 176 598 640 615 257 -662 868 -498 -853 302 702 978 -838 -335 -225 -137 282 -937 -209
859 -604 597 -908 -930 848 605 33 -833 -684 -684 -502 -948 -447 -593 -54 -266 920 462 640 -401 577 -55 -952 24 385 -556 216 -890 -867 386 -52 -32 -691 546 936 100 184 834 -591 592 -668 -474 442 727 822 364 -1 -245 155
807 733 502 -484 663 48 5 996 -355 769 -122 -72 521 -744 930 762 0 -47 -971 -255 127 -630 -834 -579 -196 -691 -502 925 -456 -791 119 459 336 -790 252 615 -936 850 453 888 654 31 20 -142 805 -505 -538 596 755 284
-590 -862 64 -140 -353 629 -170 -473 -846 -410 -238 -84 773 644 183 465 99 -562 -178 954 -344 703 -646 -774 -672 528 -784 -19 -535 784 -560 131 467 -706 -684 114 636 -459 817 -559 -226 435 98 -842 -803 872 -409 914 586 -413
943 688 -176 157 -977 27 -382 799 208 -965 399 -692 825 934 91 -128 316 750 485 -240 -86 -795 -734 -5 459 629 679 -900 -701 -416 306 -51 -3 401 677 -656 -827 481 254 -783 82 -395 -620 402 296 -370 473 -868 -408 904
-854 -785 -275 463 831 -246 -537 -330 389 695 782 -326 -693 -831 -30 -943 -135 -831 830 -845 -519 507 475 -861 827 478 -907 -371 702 -106 764 -711 -750 159 615 -81 784 949 -343 738 -713 174 -412 -16 -904 466 -845 -716 -49 -389
-904 874 -998 380 719 774 761 -323 889 -853 -476 -255 -914 780 262 292 280 -732 574 -420 665 -354 -555 -977 777 701 763 -288 -487 265 -946 -52 -296 -2 -481 -771 -376 191 368 169 -689 -5 -923 138 -716 -588 -285 374 223 -497
703 746 -822 812 -763 427 976 -488 456 447 765 503 112 -473 579 531 747 -811 -856 -463 -401 140 -790 816 451 -193 -136 -635 -528 117 -590 84 -803 -208 -524 232 -915 -35 543 42 339 -157 -190 -63 861 -682 812 -823 -890 -984
-826 -536 -56 -415 -218 -897 683 378 768 685 -158 -698 -785 886 -351 -539 -739 431 381 -301 -789 -702 552 137 854 -212 -199 683 -680 -889 -233 -274 -653 221 365 -602 -669 -203 691 182 110 894 -202 -825 -588 739 -218 825 487 475
871 58 -814 341 -190 152 -518 588 -523 -437 859 -689 -537 -14 -885 -399 571 -164 43 736 -435 -353 694 646 -469 167 -952 -813 78 306 443 565 -557 796 247 532 -473 -254 -284 -484 819 -682 -95 -612 395 825 -735 -544 997 -512
-489 227 771 -245 831 -18 -453 883 579 748 724 725 -286 893 -76 -57 67 779 -198 61 -856 367 -724 -672 -26 634 81 -917 -351 391 46 535 -415 -256 663 483 860 569 387 -656 -205 869 435 -101 -335 -359 -330 -998 721 454
-329 148 11 -620 -950 -366 579 549 -768 -818 -411 455 -443 -725 -288 421 -276 -722 -420 -272 850 -414 -321 759 -392 438 717 217 -657 -106 -7 280 141 -331 -305 450 455 188 -252 260 -512 -513 -468 -599 973 -106 -790 248 -257 762
125 -738 -622 -887 -690 72 -487 -717 -677 -446 518 87 659 -516 -960 -19 467 -149 -579 -149 645 -502 -441 -756 139 253 784 -228 -96 -556 966 167 -921 -458 -707 345 -635 -813 -725 60 360 -717 722 -209 727 -11 -548 -861 879 -907
-520 -652 74 -949 940 -147 470 -377 -148 340 -768 88 772 -468 -99 120 -516 -952 -744 490 555 972 727 301 576 -309 -62 -332 252 -764 -234 -491 -500 -694 -960 670 131 799 407 754 -84 60 692 -707 -446 775 513 -848 -404 -566
499 492 280 34 21 656 455 501 924 -793 -880 -69 886 -506 -402 -686 -884 -841 847 -803 -114 372 549 448 -437 727 355 -760 702 55 916 -351 182 -548 902 196 783 -31 -541 497 545 -439 -798 72 -588 -661 -849 -727 -539 166
302 214 -688 -662 351 738 -80 340 822 -978 821 -777 -757 -901 -966 -783 -77 -871 735 689 -759 -328 377 -595 -858 -433 -141 18 -60 71 -841 358 862 -348 -618 48 -367 -349 -859 96 -958 -135 87 -920 -643 -277 -155 349 161 763
-952 -872 62 904 -410 -353 -617 -582 -396 -366 699 -795 314 -835 584 220 -815 177 439 -554 999 254 -112 296 -757 642 -257 -413 235 827 -114 122 -119 -138 -699 -734 -82 -506 -655 -756 -391 304 -827 -247 -915 -537 -887 572 -698 -343
-278 -41 88 879 832 -742 -507 -86 755 -357 699 -654 924 -277 308 239 133 668 -775 -529 495 224 -459 -329 -84 943 -179 868 -355 -364 -820 866 -619 -465 -109 -15 681 304 866 -190 24 -923 622 486 155 236 -246 976 -831 -636
13 -443 949 934 -818 -192 941 998 108 473 137 -875 689 8 668 -64 46 849 -911 999 -483 248 21 -799 -332 -63 610 731 -601 423 -35 -84 -793 192 -755 -454 -791 -233 685 817 -948 632 -639 -140 -613 788 -60 38 195 213
-989 10 553 -432 -68 984 -678 -150 -511 489 -261 534 -372 -173 874 -821 512 -407 226 650 18 254 -280 379 9 567 908 788 364 -816 -246 736 -864 -542 140 -977 -447 -700 -503 282 499 389 -967 450 -630 -306 917 -248 -302 265
-44 -625 -977 -989 -559 -343 -131 977 429 -901 -993 -520 704 -113 473 408 287 -328 -648 -695 791 958 37 -708 -364 -90 -605 805 635 -897 -976 -918 809 -747 -263 215 -491 -651 -522 817 14 947 394 422 204 -195 156 688 255 -237
-812 -337 -149 209 695 77 917 -357 -203 761 -558 308 -400 22 -51 -999 -852 373 7 -257 -751 -219 -507 798 -894 291 -529 -633 -427 96 702 -826 682 455 605 769 724 686 -969 -428 278 929 -455 657 689 -896 433 -548 314 -787
28 399 -368 315 -644 200 689 520 -656 593 790 577 853 -500 648 868 -249 -867 -510 924 466 -386 -121 -813 499 -118 747 676 -229 -193 -530 -229 976 225 -902 -417 -873 953 -379 109 178 -728 934 278 -969 315 -531 -928 751 902
983 -673 -650 635 592 -360 885 -520 -946 -49 -319 -235 931 476 -787 -329 437 450 209 32 -213 -86 -24 -714 806 -978 -188 -534 -578 577 -363 70 -4 -11 -66 917 732 450 -601 -667 -50 -892 -283 -55 841 -716 91 117 492 -991
-204 693 -745 327 989 135 -943 545 -946 349 583 -876 434 -772 942 127 -450 -310 639 -146 457 -769 -368 -288 3 433 458 818 190 -202 -57 -403 -203 315 849 891 813 -888 177 -302 -472 915 -427 410 -710 210 471 594 545 -856
725 633 635 -884 -196 -292 -721 831 333 -326 -872 -87 733 -716 142 -694 88 628 678 510 989 -423 -898 338 268 253 774 -773 570 -390 -31 -28 116 -349 -965 -121 369 281 -28 -952 -952 364 -371 -779 211 -598 -617 126 -759 -495
161 524 283 -805 -721 36 -112 -201 -614 -103 -35 -55 -885 -771 -413 -523 860 -456 -186 -868 -857 -300 835 -164 -723 -194 -605 196 829 -423 -711 -657 -860 760 782 879 -169 -650 614 -620 -669 171 347 -278 -343 -414 712 831 753 705
-201 366 -28 -315 -341 -95 -557 -39 -776 860 -509 521 -804 -644 -796 -723 -269 -125 -67 867 -374 -606 131 -592 184 -652 -55 -199 976 -723 597 573 -389 -395 -463 806 537 49 514 254 151 535 100 -969 940 -423 -843 918 -196 790
109 17 949 -883 66 517 -674 -968 -443 808 -496 161 119 -413 -472 354 -952 108 418 -306 -332 -205 -43 713 -816 897 772 -268 -801 106 244 265 614 966 -703 -920 115 423 -226 -286 663 332 83 -578 -146 393 -935 -346 262 442
-258 -979 -574 -326 227 871 420 -748 627 -450 80 -493 -3 733 -410 -965 296 216 -852 -447 -224 344 -393 322 23 746 -639 911 866 -413 -4 833 -671 84 -825 132 867 846 -911 229 -788 769 74 -131 -777 -690 -470 17 -775 -315
-999 239 -965 -310 -523 -295 481 920 -564 -805 -850 -210 -1000 261 788 -229 746 65 -133 565 163 516 792 -526 -250 721 -761 944 487 556 201 -35 33 -199 678 908 314 -459 -664 -11 739 -527 718 -775 414 -453 -219 -252 -338 -1000
-868 214 -808 -167 869 -3 109 -5 -97 -272 183 -305 743 667 85 -10 -322 -876 -834 -609 -971 955 -752 499 -78 340 -679 261 907 438 5 -746 593 643 -845 -807 630 -411 472 136 -811 -347 -710 -426 -808 -768 869 -837 -936 964
625 -786 -458 436 519 -923 809 -601 241 601 682 66 -846 291 -990 444 -952 -830 -732 -765 914 733 618 644 -688 -789 499 -306 570 248 889 -326 -640 -97 317 -860 485 445 -511 393 -548 -831 148 -894 101 266 755 -600 -233 178
417 -625 -792 -616 64 465 -950 -479 -956 354 -335 -419 -856 777 -915 -773 594 360 91 -493 784 278 863 -947 -633 -462 -506 -342 -272 66 -316 409 -363 -884 -850 102 397 -882 -553 317 48 -921 924 845 65 346 -795 -758 -283 715
-895 20 -129 -554 568 -283 -543 -529 -43 -151 10 94 958 -344 -859 478 104 234 935 2 -112 128 -293 455 -703 435 -48 510 651 675 240 585 926 753 996 643 725 -322 -100 315 -695 483 59 926 -907 -611 -306 -568 687 950
-766 -769 421 215 -31 411 -364 668 -875 -48 692 795 650 548 705 680 295 -12 -16 769 930 -322 83 -722 -677 911 583 744 -152 578 281 -740 -216 675 -355 212 -945 594 370 794 -605 -695 -684 292 546 133 -541 -44 -125 895
83 383 -577 -23 -708 -95 -779 38 986 339 284 -698 -717 -467 671 109 -762 272 -318 -977 -942 709 985 -703 336 424 724 660 362 -662 -265 -582 -680 136 -880 -567 634 -460 -511 -127 703 338 395 481 -600 404 -484 -845 -254 426
838 -319 584 -48 807 610 174 -319 578 69 809 -266 753 49 -166 -564 -650 -384 773 -434 -563 -698 -534 -848 -892 901 834 882 -404 -458 87 -21 -160 339 740 -843 -969 163 292 -745 -945 572 -331 -969 -777 -50 -543 161 -587 574
-418 991 -371 692 750 -803 40 -475 458 -826 -133 265 -25 509 77 670 858 -470 640 -453 83 -898 -659 -183 843 -870 199 -475 272 527 -990 252 30 -317 -513 -927 321 916 -620 -822 -845 917 -709 171 -482 579 177 -660 772 579
521 135 55 334 -27 -222 -38 -930 -845 482 79 -691 88 25 -966 509 526 570 -142 -62 609 356 47 392 -412 431 171 959 -685 493 -610 -805 -491 424 345 -550 -239 -986 -487 305 420 -547 374 -345 -780 -940 -300 -410 18 -848
-746 -9 384 922 -497 -708 -717 157 -626 965 -529 -501 -443 -714 949 659 -855 -98 172 -220 710 450 334 -176 869 901 -406 425 608 -217 -592 -917 319 -644 -332 -959 -461 -951 -737 -165 -94 967 -110 -320 392 627 -645 -848 -529 -554
55 662 611 -687 -930 -144 388 -76 -483 251 -677 203 889 -67 558 -515 715 351 -300 123 -658 -968 276 -611 -578 -957 260 -713 -558 912 -543 14 453 -394 329 349 326 -831 746 768 120 226 223 89 679 -651 414 -191 -234 -883
-14 -507 780 -380 658 924 9 -316 893 -625 -288 -477 -408 589 -646 949 -370 946 -394 -843 -42 989 772 -515 -852 -597 -50 -500 458 -146 -462 662 -889 -779 -485 -620 935 489 -256 175 -277 -539 275 -333 -314 5 -486 151 148 -155
100
-3 7
-3 7
-3 7
-3 7
-3 7
-3 7
-3 7
-3 7
-3 7
-3 7
26 29
-79 90
-44 82
3 40
-64 -13
32 13
98 90
30 15
13 37
40 25
59 -5
71 -6
50 1
34 30
3 5
13 39
55 89
47 -28
46 50
-96 68
-21 97
42 39
80 -77
21 26
87 24
-98 -88
5 32
12 29
1 17
23 18
-91 90
-41 -37
86 -72
24 25
33 46
25 49
21 12
-47 15
-45 -13
17 37
-46 91
79 -83
-16 -86
4 40
5 40
51 -31
36 26
38 16
-97 -69
24 -41
32 44
37 40
58 -3
-73 17
5 17
48 24
10 36
81 4
70 -96
26 38
1 22
-39 81
-86 -53
-82 -79
60 24
38 45
23 44
-78 -66
43 25
-5 39
-73 95
-80 1
-99 14
41 21
41 41
-86 84
0 -55
67 72
-82 2
54 33
14 7
22 29
94 72
-75 84
36 5
-25 -21
33 80
27 47
14 -4
39 3
