50 50
-169 -987 693 916 317 717 -486 -844 -645 -578 335 781 571 729 911 -425 212 -590 162 586 -367 -842 -461 493 -844 -3 -779 -834 212 -12 -910 914 248 572 489 611 594 -367 937 768 -504 -960 -251 -70 81 -388 -334 948 82 -936
-274 977 -934 655 292 -939 -758 -425 -988 795 672 917 24 239 578 237 334 411 649 -775 750 -201 145 517 -400 -801 -34 -362 232 -506 -996 394 -819 70 -386 -983 -922 -665 21 205 -625 -927 -978 -210 -758 -265 675 -439 -150 652
612 310 894 720 -300 861 -578 -333 503 -28 868 -176 -493 -585 -99 969 849 -953 274 -656 -169 845 558 -502 687 -632 -559 784 681 255 464 -409 242 74 -291 -318 280 -567 136 772 -684 -577 322 -857 -675 60 -609 -894 -87 706
-876 762 118 771 224 944 -94 -831 -581 312 -983 412 -34 40 157 582 -262 -524 -480 -554 -745 -811 -537 668 -854 790 -497 625 206 -269 282 -407 -922 666 -294 -359 12 -995 -770 54 -763 472 -606 407 815 726 345 -487 -384 -423
-471 560 -129 381 112 630 -560 -681 -319 383 904 -124 -366 -557 190 -657 -619 -426 437 749 534 805 97 133 901 -863 -72 -571 772 -742 494 -991 -450 -301 254 -551 767 334 -118 -137 -813 -703 756 -866 743 172 -593 822 -671 -821
-61 330 -848 574 282 594 -243 -582 -349 -30 815 -851 863 -452 529 324 785 -781 915 -900 616 -26 -888 557 -986 725 167 -472 -403 473 778 -980 -923 883 -743 -306 -488 -668 -228 -358 74 -317 -997 950 -8 563 841 639 518 548
899 121 497 -259 983 -491 191 847 542 406 -385 358 463 850 805 -129 642 82 -637 284 -148 -62 238 -269 869 441 782 -140 -605 -104 113 -375 -767 295 145 991 -114 -191 -125 73 581 806 800 -901 869 -429 -876 -345 -919 -813
-94 531 251 -585 349 -702 -177 866 931 256 981 -540 332 -222 411 -75 -264 483 -336 -576 330 -926 842 473 -847 -361 -786 -535 355 -192 727 209 -459 899 691 -40 725 591 -396 -28 260 -89 707 -423 -310 486 -91 -4 175 -866
904 -198 -64 -637 -930 -638 -2 653 768 474 -627 -985 773 644 -989 -24 -134 -114 410 -783 290 752 -341 741 -897 713 192 322 -31 -504 558 109 762 -845 -18 -701 486 -715 -864 583 508 682 -328 -931 997 -203 643 238 896 -518
930 -296 -474 952 828 553 843 -671 -95 947 -81 300 -845 637 -998 -825 -718 -492 212 236 -460 -77 224 -578 -538 595 758 543 337 228 698 201 948 785 -153 -598 -163 327 -794 -751 139 877 -296 516 -137 -62 -213 173 94 682
931 815 595 881 -44 851 -355 -426 545 863 -110 546 -886 -426 -952 296 -706 499 268 -210 405 10 -821 -206 -406 320 -444 -934 670 260 -762 -309 772 -851 237 -625 -382 -376 722 -183 883 480 652 -779 -414 -369 -20 589 154 -576
-604 374 -507 -3 42 -584 -774 -672 718 -365 -983 -972 652 -430 -848 698 223 -50 986 842 -607 -785 667 -526 593 -65 -378 607 698 -938 -810 -25 -756 480 812 -243 -739 -372 104 403 -282 272 551 -223 -436 -962 978 -447 452 -839
-184 -927 550 175 -695 7 -388 -500 -399 718 667 -699 394 -11 -245 866 236 -96 -900 890 -718 242 593 -604 542 139 9 -875 781 811 942 602 86 -66 -650 524 -2 -853 861 -31 203 -711 372 -426 -181 692 -618 -66 535 962
-661 -545 455 -121 397 703 -880 550 -483 -956 531 -354 656 -307 342 74 -413 752 -206 -570 -967 -533 -130 -735 751 769 -644 270 -424 -130 -442 876 896 -950 731 725 960 362 41 564 997 -84 114 -309 -491 -842 232 154 -879 608
164 -860 -990 483 -87 -589 561 15 604 659 623 -104 -702 427 -625 105 123 -790 -254 266 -913 863 948 361 736 168 447 -110 258 -886 -928 818 503 -973 914 410 -189 349 -167 -608 218 169 -710 331 -727 119 -882 -424 16 -198
40 -819 -505 825 -194 -597 697 -792 -500 -884 868 240 -92 513 -935 935 188 580 510 836 763 281 -285 -895 60 -64 -180 -91 -592 558 860 364 394 -95 -534 -250 26 563 498 -314 597 60 633 -579 -904 41 747 750 -269 906
-167 -25 -678 562 312 971 -107 -547 118 791 838 627 861 584 -209 341 -902 -614 -629 823 -413 -894 -880 265 -67 999 -434 -585 -11 -860 253 -52 -146 -703 910 -408 -409 -193 -853 467 96 304 -870 -804 483 277 -234 100 -346 -378
-925 140 98 -818 589 -904 -15 342 279 25 941 -723 -336 265 985 631 -372 -14 -381 349 14 -377 856 -154 -342 943 505 796 57 22 -878 -261 -397 -997 -706 826 -75 560 581 640 758 100 -236 424 495 317 -520 203 638 986
938 -988 -758 -182 -413 868 917 -515 490 -727 -260 -250 -734 -672 866 192 -226 250 -132 695 -138 -805 -203 261 -38 700 239 -822 -834 -701 645 96 866 471 -160 -104 306 -982 874 -252 96 -603 443 -369 -788 -78 -9 572 -794 -919
646 86 -118 -876 353 -628 -224 -339 471 719 -183 -713 17 -154 225 -776 402 349 -689 -710 -863 645 525 -429 904 -211 -99 -860 905 -677 -23 -101 421 65 953 -542 861 -990 393 624 -698 -577 863 -554 -639 -150 476 513 -582 354
-115 -343 -764 -118 209 361 -639 434 918 -472 -718 -742 742 -148 53 436 289 -782 -561 -766 738 -595 74 -663 263 168 -412 -402 247 -761 983 774 -960 320 154 -990 -567 15 812 764 -441 148 334 8 601 787 -316 973 278 -824
624 374 -375 709 -144 142 276 -969 773 368 -208 -308 -649 944 651 -880 -96 671 710 -388 804 477 -772 440 306 -350 347 -131 -257 734 -84 265 -217 -268 913 -186 7 503 -591 -169 639 260 -545 -264 -818 752 -32 -341 -267 -85
84 -345 -467 674 -489 392 -95 469 139 -947 -924 -991 -951 381 213 841 958 561 275 432 -578 536 503 273 838 -520 -276 -205 107 -979 -513 -819 -542 -855 -80 -562 -48 -493 -646 -96 432 -358 308 -923 -295 443 -313 -874 260 -12
-556 -301 927 -530 764 484 626 -848 -203 635 846 -684 822 35 803 -473 705 -233 -491 -365 112 540 -534 -811 995 -355 -205 -791 321 -318 17 -787 77 -541 -278 -115 -608 888 825 -530 -610 -512 -653 613 -891 -175 384 -676 180 -567
-105 61 -190 361 762 -775 42 -643 166 -181 -430 -945 -762 201 541 479 -234 788 394 2 774 -58 -986 83 147 204 139 -452 -531 433 -136 542 -666 891 -455 488 -99 528 233 445 -889 52 712 352 213 525 745 -866 -428 -826
535 -682 36 -768 536 -492 667 -294 -521 472 -50 -208 340 236 -900 584 -814 -562 -210 226 -20 -259 631 740 -640 -316 -88 232 -140 166 -79 944 90 477 174 331 731 -890 256 -498 -366 791 -992 48 24 -630 965 72 919 326
981 968 -421 -791 623 802 -154 981 179 377 -918 -859 -736 489 803 -535 -102 313 -775 -4 407 -505 875 -846 543 849 -369 -593 367 -218 161 -875 -16 -832 -445 -806 426 -472 905 415 -550 -663 -261 523 -151 -359 210 -711 -107 -201
897 5 639 -451 -471 -67 945 226 43 29 -73 -242 -348 639 -292 455 998 -211 -512 302 520 736 250 -277 -294 901 85 28 -798 609 140 857 850 -618 -139 -389 644 -33 -514 -307 56 843 932 120 584 -980 -729 89 456 91
-285 -778 658 -257 -576 428 914 -391 -367 -491 746 206 -569 -509 830 -635 725 -182 -30 -352 -840 639 -257 652 -700 -286 90 -158 995 399 282 -922 -762 3 -394 -728 924 239 500 124 -965 -944 276 213 -886 889 -336 -635 -732 -54
732 -432 103 -544 -113 -996 -694 508 42 874 302 639 -284 214 675 856 725 781 -888 480 -752 -719 800 -491 620 -548 -435 173 802 930 -207 192 -60 -608 -190 -627 -632 -96 755 -997 -141 582 523 -884 -782 900 -800 -188 797 326
37 505 -350 778 764 -773 -168 814 740 529 590 -594 -158 616 305 654 -319 -678 -744 44 315 -599 -756 -851 -845 -438 -709 -425 -524 192 -69 -496 607 -566 -829 -282 -370 -162 -52 -934 -202 -50 -324 292 469 563 753 514 -592 -450
763 207 909 62 45 -756 253 592 770 16 -649 405 -665 -766 942 -588 322 432 -284 947 -823 -212 934 967 439 -478 -993 59 -351 919 449 606 29 861 -101 847 409 -661 -672 254 -362 488 -807 243 313 -854 -899 -607 -591 883
160 -49 993 -11 -372 521 -109 960 -910 -411 619 431 229 448 -212 840 59 -816 -364 -400 547 -325 -605 348 533 667 117 -538 -106 -182 711 477 -865 -831 -200 969 -305 -900 79 -246 -278 -471 850 -662 -983 -203 437 -626 -556 341
-60 630 -955 -75 70 335 636 -458 937 775 970 -461 564 351 -72 878 -433 -899 938 738 290 559 102 -329 -702 883 0 21 620 206 -574 126 26 -262 -108 -597 -764 -242 -696 -829 -184 -570 -125 -166 -543 43 -941 486 -75 55
-909 -363 -710 145 -72 -459 -918 -931 -302 844 184 36 -969 913 265 354 472 692 -68 -761 -297 -164 416 -47 -785 -798 -271 437 -749 543 805 452 -559 745 296 745 -483 771 -145 -615 -157 -489 -139 132 -132 -392 410 -995 -192 998
120 -556 181 466 -244 -846 -821 784 642 782 618 858 475 -282 576 -392 19 -206 -359 756 -708 181 -875 -660 -171 858 723 863 728 -661 279 50 664 -758 389 391 0 -930 797 -438 -318 979 958 441 -909 -797 193 -442 -990 221
609 -750 -942 338 -664 260 919 -750 723 799 -785 981 704 632 -761 -12 445 454 254 302 -308 6 306 -746 213 -743 -140 -491 214 415 222 175 65 401 -650 772 546 -175 -144 641 751 -968 -479 -974 296 -356 902 684 -238 -755
-640 -609 -730 123 980 -659 -339 -872 -965 -156 -190 452 -675 -606 778 880 -335 707 -636 -913 387 -351 -927 -905 -414 456 -265 158 776 950 639 -771 143 849 119 502 -619 38 -370 -709 -64 -923 -955 870 -439 496 545 -612 63 -189
138 328 -837 469 -736 769 795 30 571 662 -459 -728 98 102 -733 -221 596 260 755 -531 -580 -334 26 294 -389 401 227 598 955 -483 -609 491 -571 408 -476 -166 674 197 49 628 -962 157 233 -642 982 -147 137 608 -537 434
-132 455 -425 869 580 -641 -306 390 -171 -772 799 570 259 428 -708 -271 233 920 -60 619 -115 -299 692 194 -937 -676 -878 -714 -697 -679 950 -850 -539 -373 -169 -525 -476 -704 63 -972 666 467 -503 36 -550 -302 633 310 -132 973
-652 723 -947 -641 94 -924 -180 -759 244 -127 -277 -988 -642 934 502 -735 800 -608 -996 -214 655 981 -560 641 555 -786 -315 199 -526 -424 -601 -425 144 689 -781 221 590 730 501 69 -78 -810 -966 236 885 -654 324 -535 172 -731
722 973 -600 726 156 -896 -14 -78 -632 -215 230 840 -834 -864 911 -97 146 774 -931 -906 -624 -477 57 866 -819 -672 228 887 -788 -640 441 842 -629 -550 -711 -383 675 22 -463 -640 -333 -525 -604 682 -856 -755 854 93 697 532
-864 444 995 -312 -72 619 976 671 206 525 119 -465 809 795 382 595 871 392 587 378 467 600 -299 4 380 547 -291 419 -646 -97 -898 -592 -678 199 499 -409 847 -568 -489 -590 -183 -131 -494 302 -865 505 690 881 722 -480
-346 -622 859 -648 185 562 442 -789 -413 -109 -428 -295 -436 -875 712 937 911 683 725 -349 773 -632 -165 -694 -686 -758 556 -333 120 852 -634 -374 -262 -828 -619 -1000 -775 -556 516 553 692 502 -547 -824 -191 905 596 -859 -455 740
128 120 564 -534 -226 -943 887 418 -714 -517 627 -488 -60 -67 131 -115 -696 344 -534 473 -283 702 -46 -486 -418 605 478 -524 601 878 -369 928 -649 -518 -912 776 -945 280 523 -600 -247 -439 207 -289 -141 3 -836 747 -50 -825
-539 -218 808 -915 993 676 117 -751 602 895 1 -884 -756 806 -313 -13 -318 -806 512 639 79 144 896 467 226 -96 -553 -404 -653 -436 -752 -325 773 540 49 -291 637 358 -226 43 562 245 988 89 -96 -978 -470 635 -902 949
554 -980 518 533 104 -374 838 -830 865 476 298 -251 -246 133 -745 -87 -354 193 404 -175 -760 728 574 -138 519 15 -33 -723 181 828 966 -320 83 450 63 -590 -95 166 -591 940 -834 -9 916 267 607 -733 -815 464 -236 10
-659 -854 860 48 487 -908 726 -878 -394 535 4 326 761 261 -355 346 995 273 797 769 173 -242 856 -647 583 940 804 -779 865 926 -794 918 332 142 138 -646 -392 -929 848 427 -411 -180 940 -271 -340 -414 -766 378 841 940
-874 155 -780 -971 446 521 -862 -776 774 -69 849 -779 -163 -607 732 860 -466 -793 -570 -807 -19 698 744 329 -576 122 -49 -314 663 -758 499 -774 -402 66 -484 -661 290 761 -362 431 842 104 -8 -322 7 -224 -132 53 702 599
-977 -230 -576 -699 -955 505 998 932 -878 521 701 -424 -119 627 485 906 977 381 736 975 442 531 -75 -404 856 -153 679 194 678 701 657 863 -261 -665 -967 381 446 -744 -114 130 -438 233 458 -174 -369 -438 3 936 230 -106
100
51 1
1 51
50 50
0 50
50 0
51 1
1 51
50 50
0 50
50 0
51 1
1 51
50 50
0 50
50 0
51 1
1 51
50 50
0 50
50 0
51 1
1 51
50 50
0 50
50 0
51 1
1 51
50 50
0 50
50 0
51 1
1 51
50 50
0 50
50 0
51 1
1 51
50 50
0 50
50 0
51 1
1 51
50 50
0 50
50 0
51 1
1 51
50 50
0 50
50 0
51 1
1 51
50 50
0 50
50 0
51 1
1 51
50 50
0 50
50 0
51 1
1 51
50 50
0 50
50 0
51 1
1 51
50 50
0 50
50 0
51 1
1 51
50 50
0 50
50 0
51 1
1 51
50 50
0 50
50 0
51 1
1 51
50 50
0 50
50 0
51 1
1 51
50 50
0 50
50 0
51 1
1 51
50 50
0 50
50 0
51 1
1 51
50 50
0 50
50 0
