1 50
7 5 -8 -6 -7 -9 -6 -2 8 -2 -9 -5 -1 2 1 9 -9 -6 1 -5 -4 5 3 -6 6 -3 1 7 4 6 2 -5 5 -6 -1 3 2 -8 6 0 -5 1 -2 -3 -2 9 -7 -4 4 -8
100
-25 55
-70 -94
1 28
1 6
1 24
3 -57
72 -27
1 32
90 54
1 42
1 10
1 17
1 11
1 9
1 49
-42 84
-66 -43
-91 48
1 30
1 44
-83 -29
1 4
-94 11
1 35
1 16
-89 -40
-83 -11
1 41
1 1
-29 -49
1 15
1 48
-12 -53
66 -89
16 -5
-35 19
1 19
1 50
1 30
74 -44
-7 -82
50 30
1 39
-84 -83
33 -41
-9 5
1 45
6 -14
1 40
1 22
50 -62
-11 26
53 48
71 69
1 8
-73 26
1 38
1 31
1 18
1 4
43 -21
1 47
-90 -85
1 26
-1 -28
1 9
1 12
70 4
1 20
1 45
1 43
78 -37
-44 78
1 48
1 28
73 88
1 36
-82 -27
-95 -61
-24 -85
1 35
-95 38
1 44
-13 -84
1 7
1 28
1 40
-15 -66
92 27
1 39
1 44
1 49
1 42
-95 9
1 49
1 6
62 46
37 87
1 39
1 36
