50 1
-154
-753
-653
-150
-169
-633
-674
-994
-238
-588
-883
-58
-925
-38
-736
-65
-665
-406
-967
-387
-262
-617
-349
-596
-743
-987
-572
-854
-861
-162
-508
-782
-51
-350
-561
-253
-703
-346
-667
-878
-558
-361
-857
-457
-8
-14
-709
-412
-179
-967
100
48 1
34 1
41 1
36 1
-35 -37
29 1
-50 13
12 1
-24 -57
13 91
26 1
24 1
27 1
38 -61
30 1
31 1
13 1
11 1
39 1
20 1
12 1
31 1
8 1
46 1
44 1
41 -94
18 1
-22 -67
22 1
-85 5
-13 88
47 1
35 1
19 1
44 1
53 52
27 1
60 97
67 59
78 77
50 1
-90 -34
-49 -46
15 1
29 1
82 -8
47 1
-89 1
39 1
46 1
26 -13
4 1
25 1
19 1
7 1
7 1
63 2
11 1
7 1
43 1
37 1
34 1
47 1
38 1
25 1
4 1
3 1
17 1
41 -46
11 1
-91 14
29 1
34 1
-59 -14
34 30
46 1
39 1
49 1
-87 44
22 1
34 1
20 1
95 -58
32 1
9 1
8 1
19 36
9 1
29 1
37 -88
78 77
47 1
23 1
4 1
43 1
2 1
15 30
33 1
27 -53
46 1
