30 40
-739 -350 -536 -192 486 -358 859 -453 106 773 926 771 438 582 -740 657 -506 304 -429 258 592 162 11 661 306 457 938 -111 242 870 743 -522 -969 355 760 -512 859 165 487 460
-493 -309 -416 -759 -719 -38 -412 -529 -471 -811 -958 -620 -927 -186 -915 -453 -507 405 673 -916 -921 -243 358 135 161 412 -618 -171 -529 -239 -49 -64 920 278 -382 62 990 -377 -20 637
443 -517 578 -952 384 -423 -330 476 -857 836 555 521 871 372 240 -226 -844 221 189 454 633 226 325 -560 -165 892 608 -258 191 165 -249 35 -424 685 -952 -246 332 -363 288 -943
572 -466 328 -792 902 -985 -686 -872 -907 837 -435 386 147 -535 -911 709 -911 -395 297 361 -781 -578 -278 -586 -277 -373 720 -775 -294 765 -787 -976 549 851 -50 500 -556 -15 -60 -424
999 983 257 -385 -754 -833 498 571 -554 -551 -12 833 48 -311 -328 -756 526 -18 512 914 133 -634 -767 823 -235 830 934 -578 339 714 320 909 -733 527 -431 -2 837 -865 282 262
-591 64 -286 -808 -659 -767 -847 -397 -93 130 -906 1 20 -996 928 362 -909 -586 -441 -164 -438 -568 -705 949 -445 -277 -484 726 729 360 -261 -151 330 131 457 386 32 -266 -323 483
469 -897 647 -845 497 356 -724 -992 527 3 116 282 912 461 -422 -719 -255 -651 450 825 -58 183 718 215 796 -814 698 391 -262 -644 -279 -16 143 -326 331 508 -870 -170 -127 647
692 -883 799 409 772 199 -484 485 387 -445 177 -994 149 578 -390 847 906 170 965 -36 952 -539 133 -532 440 -520 -766 569 -185 815 423 -374 487 -69 -290 -119 -540 266 553 -131
668 -782 327 -834 271 860 642 348 -626 494 847 -159 431 677 -445 466 -379 -145 540 964 -434 -857 -154 -767 706 -18 -650 -963 617 -189 28 249 -40 68 -617 -730 -323 497 -41 -655
-117 -489 -72 678 214 -585 -614 111 250 -372 445 -238 -961 937 -936 -382 -156 842 627 616 944 -95 -614 -330 593 -725 617 460 -831 -705 324 689 -983 619 -750 560 600 473 -763 253
367 121 382 621 333 -825 510 -360 -848 250 370 278 826 -81 684 515 -315 681 -981 -18 -889 54 -10 -760 -788 -697 -349 445 -930 -336 -930 -373 -630 40 361 128 -583 348 -630 404
669 -985 -971 -451 246 25 757 879 -946 -688 -610 868 858 -667 103 -373 897 260 -83 -745 389 -740 231 580 -314 -893 -935 921 -754 502 197 -689 460 -514 -451 -673 134 141 -200 -789
353 -92 909 809 -823 -405 -290 117 323 -359 -563 -937 633 -830 942 366 -830 277 206 859 -557 820 -344 -408 965 -695 -878 337 728 217 -373 -967 669 -829 347 321 223 783 -229 476
-865 428 -374 -236 386 -746 -498 -739 -935 -362 -897 -861 -414 -766 -143 742 554 -262 -721 -685 -537 173 428 -359 -66 -168 813 -284 655 -713 193 805 -769 -408 -903 781 -861 444 -683 -471
-660 231 335 752 219 -998 519 977 800 740 360 -536 29 325 652 -830 -902 313 503 61 -221 396 -288 888 -222 -801 -145 783 939 86 487 -683 -37 176 220 271 136 -311 489 -926
779 -888 -986 -179 -448 635 596 849 -976 898 -256 -974 -992 196 -100 384 -329 680 414 716 455 852 383 -734 -608 -951 -339 918 -16 616 451 25 843 -184 -869 -801 72 293 -29 -2
293 -587 336 899 -476 -222 520 -518 -170 -712 -890 201 705 469 -818 -507 50 -286 -959 975 321 -49 714 858 472 211 176 274 97 474 793 -564 97 -204 -266 -879 957 21 844 943
-37 -695 212 643 -295 463 381 -394 -361 -373 881 356 -939 -377 -157 -912 830 -781 924 537 -31 539 621 252 -740 632 -91 378 -258 120 -696 -575 -354 -787 263 660 885 57 -362 -764
655 21 -473 -337 -703 956 725 -119 -191 487 754 345 -204 273 572 -644 -785 -322 -606 546 758 -495 713 666 105 -769 910 -2 226 -185 -754 914 -775 118 -176 -635 -138 -964 285 -691
-641 -392 597 -305 -820 -668 -781 753 822 -813 -784 295 -103 869 -841 -238 -39 -311 526 911 552 189 437 -637 984 -623 -678 -626 -775 -378 -102 -541 925 -383 -233 -666 135 502 118 -903
-606 89 91 537 -254 -603 827 575 -287 -405 430 -717 238 -172 21 -490 851 974 -599 11 948 687 -66 -748 204 -354 -742 -514 216 -212 82 -817 841 321 -144 214 572 167 -530 126
50 863 649 624 -569 686 830 -3 -960 984 -383 460 193 -923 -220 -683 -18 829 -672 628 444 -454 80 -166 -660 -608 -336 -521 748 377 -935 -47 -506 -222 -442 -733 -778 507 729 -574
612 593 827 189 976 -290 532 924 -457 -855 795 -891 -428 456 870 26 369 -62 -417 -272 649 -932 -784 878 -42 -439 54 -18 -579 -606 -883 -813 917 -997 834 -596 733 -648 -804 -484
688 -228 278 924 -773 -507 493 890 -158 426 -198 -412 295 -735 -152 760 497 210 66 -135 -183 -232 -943 6 114 387 627 -453 -235 -445 473 499 -527 351 -497 -243 788 -882 -511 293
487 345 -793 94 -322 -687 711 679 -276 496 784 -639 -601 -249 840 5 -231 682 950 -580 840 -708 987 -385 -298 523 -372 707 436 -924 207 -608 -628 -270 -153 786 522 -280 -69 267
564 145 -251 -373 -992 729 238 -928 399 766 549 178 -663 -178 -174 -109 947 -842 664 451 12 -892 -890 905 -466 521 -411 433 621 -696 722 790 374 672 990 -695 900 166 -516 940
-517 -531 113 -677 558 482 -637 311 51 -931 -93 257 -991 -394 831 -429 540 253 838 141 -308 501 523 614 -58 485 809 -732 531 44 -276 850 -680 -488 -145 912 -700 -750 -579 -713
802 -521 -17 -75 -158 -644 -317 -468 -369 353 -377 -316 735 -130 -892 -554 -100 -760 219 -70 192 311 664 -79 434 300 -877 892 -733 -644 -558 -90 -732 726 31 544 -700 121 797 -486
-42 -874 -894 -899 -760 -375 -148 547 367 -724 -487 282 -211 -59 -574 108 -127 -240 -386 934 -837 464 -567 650 -219 -335 -771 -37 526 986 979 905 -88 -411 -564 993 743 386 323 912
-84 343 909 -471 -201 135 -414 -502 148 -942 519 -338 -804 -846 -670 682 -475 -238 -220 62 -862 887 -425 859 815 -176 121 -592 -496 -658 -653 -568 420 -175 195 435 454 555 614 -836
100
7 5
40 75
-67 -55
76 37
81 91
-49 -13
43 -50
-51 37
69 -79
38 -53
2 48
-16 -46
11 17
15 33
11 8
-43 23
-82 84
-30 -27
-63 34
26 8
-66 -42
-84 -80
-74 75
-3 -15
78 79
77 11
25 35
94 -45
23 4
6 20
7 26
85 -39
97 -40
20 16
16 30
-77 -69
-20 -65
-44 37
25 5
-53 -92
60 43
19 34
-47 -60
12 -92
-50 -93
-56 23
27 11
67 82
-5 -60
1 11
-4 -36
19 -49
0 92
21 9
-95 -73
3 29
-35 -32
-81 -70
27 12
22 97
51 91
27 -16
-7 -32
17 37
69 -44
-49 16
11 21
78 44
-80 67
28 73
96 -15
44 97
99 96
6 -40
-39 -92
77 -47
22 -92
-76 -53
15 2
28 1
73 44
29 20
54 -55
-2 -40
-52 70
2 3
-93 70
99 83
58 -56
17 26
74 -48
-78 -72
29 2
-81 84
-40 -29
-19 53
67 -49
3 25
53 -85
45 -2
