50 50
184 246 -213 -370 -995 -3 733 241 592 991 -242 990 208 633 -284 585 171 273 933 537 853 -523 -253 967 -260 643 -569 -474 383 -356 23 -440 718 -795 -527 86 -102 -8 -694 -776 457 -69 616 982 833 -332 -832 -516 -712 -134
-569 686 -81 821 977 276 -460 547 -104 -107 638 -445 478 -744 322 48 -580 493 -312 184 -533 728 -381 225 999 156 782 -923 -623 -644 42 722 -486 319 -426 426 699 83 741 85 -890 438 49 466 473 -258 136 -151 495 -886
177 445 388 484 -281 -2 337 -474 -786 787 -470 82 431 614 500 -477 896 -569 -210 -46 -104 573 -682 -855 -81 276 623 -755 -699 651 -135 -916 334 345 799 744 -442 -378 -265 575 229 468 18 861 612 -808 969 -447 -755 343
-127 -293 507 -321 286 709 699 814 400 323 -714 -150 90 237 598 -951 -272 -331 731 953 628 -380 -839 116 938 35 -804 329 139 923 -4 -746 -751 -96 378 879 -214 889 -637 -443 970 791 596 -591 -302 -509 -541 196 -756 507
229 491 53 488 534 -506 507 309 -844 203 -971 147 166 226 316 314 -430 238 -607 260 -331 -999 542 -114 -861 -758 862 -864 465 -549 -575 308 288 344 315 40 -870 -859 989 510 -6 -486 795 405 941 -18 692 -825 468 749
316 763 -836 413 -23 639 390 -480 -751 123 63 22 -858 -435 -110 -44 -890 -201 -883 -368 848 748 -542 323 336 523 994 -794 -927 271 308 860 -290 150 -966 -116 964 964 611 277 521 -674 344 -265 102 350 -961 -752 533 -179
205 986 -924 -167 919 -715 -827 99 837 -162 623 115 676 353 78 -861 32 927 -425 -16 837 -681 705 759 -596 210 733 -378 -75 497 103 797 -452 734 -790 -860 725 275 535 -865 -282 -125 609 -384 983 -554 900 611 895 188
450 -651 932 80 737 67 -316 222 138 -568 889 12 954 560 98 746 258 153 -48 -900 -613 655 -183 294 580 416 344 -480 -572 311 224 97 719 306 76 835 817 823 254 508 -645 65 875 273 4 -470 563 -920 635 -955
898 804 477 -378 -916 -124 -964 -958 304 561 43 -228 481 -170 131 -417 -252 -242 -993 -903 -672 785 -451 598 -869 340 -85 -244 855 29 157 -499 443 -653 664 -965 962 -2 626 -653 -610 -398 585 264 -74 921 -50 846 -905 -804
252 -822 326 157 713 611 -257 355 310 79 21 601 -337 466 -964 803 593 201 -538 704 531 -25 -442 -294 434 -963 -288 723 693 51 -891 891 -337 286 -591 -300 -489 420 376 937 338 219 -143 342 -512 -4 999 -725 528 847
106 688 -416 698 118 -560 404 -201 300 -550 -900 629 470 854 -384 210 350 -885 968 -898 548 342 246 -407 791 -84 -569 707 -134 391 794 377 440 513 -469 -301 506 -297 524 -164 35 919 632 934 -452 -530 -253 391 -21 368
82 -392 814 -385 737 -908 771 -165 -635 -860 42 222 -304 771 -647 -295 221 -478 -259 426 -98 617 -396 -130 -931 816 99 -527 -211 -132 838 -712 169 658 -978 -260 -827 -133 672 -174 -499 -189 -643 -549 205 398 676 -862 657 -940
441 -800 997 -790 125 -361 -215 330 -291 535 287 798 -698 921 611 202 -989 -487 731 98 -657 -805 36 -396 -90 393 -139 -590 -446 -882 -925 -377 -909 634 -52 -807 -938 821 852 -321 -744 -256 842 161 503 768 863 -100 -850 846
949 -750 -755 410 561 -378 18 720 -735 647 457 -301 446 -418 965 -197 -359 -401 310 259 666 -991 763 892 -360 906 725 426 645 -826 450 -930 -612 963 -768 -994 772 103 -824 613 -72 286 572 940 226 43 -554 -575 -896 -978
861 339 -67 76 261 -588 -639 116 713 -923 -961 155 123 526 614 752 -568 -14 188 -218 -691 313 811 141 445 529 669 630 781 170 459 -7 -304 -296 -941 -928 355 -487 617 834 786 208 -92 -791 998 -568 -583 697 451 -680
282 -272 990 -143 518 872 834 -621 869 -215 507 460 -562 -939 -65 -611 472 -225 418 -647 267 -391 -855 -438 -632 -927 -574 516 852 -565 -828 760 974 96 -996 406 -968 678 780 692 -711 -686 -301 668 567 -513 481 960 644 252
451 298 -365 728 -346 -510 -826 981 -910 304 -281 394 -120 647 -358 860 283 979 214 -638 905 -754 -586 48 487 -264 -189 96 -678 -431 -295 339 567 -465 988 -877 -726 826 -176 788 962 575 180 383 69 -917 379 -154 -30 991
-431 -532 -549 -313 240 -233 -76 -478 776 -561 -203 644 735 -426 695 -471 976 294 622 -45 340 249 -450 -755 609 -166 -892 -160 -382 -272 42 294 -911 58 469 -138 672 -818 -980 964 -229 731 -504 -660 -570 454 -169 634 10 -490
-43 133 -296 -923 -183 359 752 -528 -732 -536 -668 308 -609 250 -33 118 -159 474 175 655 838 -225 -60 -893 10 529 409 930 488 -925 356 43 -961 972 766 -458 749 -522 691 830 -919 -659 -642 -426 -718 -102 736 767 197 -228
150 -108 265 -846 -934 -67 -828 367 -761 -786 26 -383 7 643 -384 -374 -137 811 -855 -759 730 -360 -503 463 -876 696 -676 506 473 995 -541 -381 987 117 -645 397 119 105 163 -404 297 690 -508 -207 -291 326 85 -186 -6 -750
-814 -763 403 202 -21 618 804 596 -481 -95 -344 -219 42 352 748 -334 -360 -730 934 379 550 711 815 -291 738 -644 465 -146 254 -504 575 -874 -442 223 -399 152 -719 819 580 885 488 -1000 962 -825 327 -374 -762 770 -984 870
-602 -444 -361 845 425 -822 418 -962 879 -198 -651 -302 -213 821 -983 507 -251 -912 -175 620 -356 175 -247 303 527 376 631 -335 852 53 391 -66 -577 -713 -548 84 -637 490 489 -792 599 -674 39 -764 -196 -328 -705 759 648 -319
-67 -108 -572 -250 -377 2 360 275 607 -912 562 -91 178 595 188 454 961 874 -526 -148 945 822 125 700 -729 -657 -804 89 960 184 -104 569 307 972 550 264 -102 510 -574 363 -865 929 939 268 -63 103 75 -9 -243 -957
353 122 279 -840 -250 916 -598 458 861 563 -383 -462 -406 -293 -566 701 -256 572 816 852 249 687 -479 -428 857 629 233 878 -580 715 -799 -977 -443 159 776 909 466 -743 152 99 -357 198 552 665 -695 649 314 -223 -681 -147
-365 60 -941 808 14 481 880 -975 -268 -523 -533 393 -986 745 828 -611 -584 -874 177 -60 -221 -696 -144 -593 -396 -10 73 241 32 777 -106 398 -761 -10 -441 -891 831 -628 92 -61 335 531 -644 -398 -541 -781 461 -184 80 -492
-72 -58 -853 -633 245 214 197 142 988 459 658 -782 -322 425 -589 638 -963 -948 -406 -614 -466 338 425 241 -460 230 -790 -981 -568 925 -817 -814 454 -853 -899 -400 -380 45 160 -530 62 108 -933 595 -19 -518 807 360 -571 -765
-206 471 -851 -297 -302 285 -85 993 -418 61 -512 -679 -371 961 -115 615 -332 93 -16 1 973 80 154 -603 250 -673 711 -770 487 187 161 -159 -908 757 -57 135 -170 485 929 -705 499 -190 645 413 -156 122 358 -667 -216 -961
-350 -857 603 188 -904 323 428 278 432 113 517 -883 808 245 761 6 120 519 -344 287 -271 -184 414 12 501 695 -859 979 10 -909 241 -810 951 -943 680 -889 -830 998 397 -225 88 -428 832 -894 273 726 766 844 -694 294
-355 -497 190 774 14 525 78 319 -200 288 25 -422 -533 -203 -963 -27 -355 278 -430 -702 818 -335 -367 277 -90 -25 630 -406 -310 -802 358 640 -739 -116 667 398 -378 54 86 805 -920 396 -229 578 -476 525 -377 -211 -83 -496
-662 563 -222 346 943 65 -779 -649 -388 633 -25 715 -738 -351 -17 -573 313 -593 -946 541 -840 -989 -774 143 313 783 260 965 -444 -316 393 -98 -671 -789 12 -5 -326 714 331 -977 -664 631 37 940 -744 302 -746 -914 -277 -425
175 195 -873 -21 965 -956 -357 -106 480 -663 22 790 -296 -273 -934 347 178 588 455 890 252 -78 927 -631 360 -878 -793 645 302 -373 -787 -51 281 -391 965 683 -927 -881 961 -917 73 -166 -111 845 -537 -833 555 168 417 416
631 885 -887 -404 964 55 706 -860 -803 -995 949 268 -806 462 69 -709 507 -171 -507 -134 -186 631 -571 970 -140 -179 943 785 866 -797 -520 -359 561 -990 110 -822 525 187 755 251 -120 -116 270 186 -943 -242 590 -444 -898 736
959 -786 -410 654 201 -531 -9 526 698 -125 194 -995 -997 446 375 -883 79 574 710 -6 -902 165 378 118 -300 -299 4 -817 -728 326 -820 -612 -425 170 -277 182 -977 -847 971 453 107 308 -404 -647 -691 908 52 509 -171 -914
-236 627 510 963 -432 -234 -519 -390 767 -32 -856 696 869 888 646 -258 -738 -334 -534 -708 799 537 111 -205 403 -970 -344 882 -137 346 681 -984 886 -452 771 220 -615 235 378 180 476 484 -599 54 308 165 -745 -852 652 -585
483 -722 902 820 -914 400 -636 73 -445 -360 -903 673 -825 984 603 331 -318 -603 -291 -474 -14 -415 727 -580 387 -1 -506 601 -178 -801 813 276 -138 -669 -495 766 -499 -652 -389 -110 -19 392 -218 860 -851 -485 -106 410 160 -555
648 982 -930 197 -586 683 -243 38 372 -713 -610 -908 905 -353 485 -333 751 134 747 297 -417 64 -121 -138 253 -801 -745 360 -111 -713 -507 855 -713 757 894 801 -220 -753 435 229 -820 860 -875 79 929 -416 -708 -248 255 -318
108 224 -166 892 450 158 -326 115 58 -126 310 -359 806 -383 -581 208 -535 -369 994 -599 -525 198 -53 -382 -214 7 -124 862 623 770 -523 887 -396 77 738 3 59 -27 800 624 830 136 745 -775 -95 99 891 639 -217 -478
-578 686 883 -984 -762 -639 -767 -699 826 -888 -169 -703 -240 -263 592 559 556 850 -399 340 -389 -370 -946 -325 806 -128 728 613 112 -764 8 -551 -436 -400 -889 193 -325 619 -433 93 606 200 846 -964 -280 -207 -546 -407 -689 -666
367 170 537 468 -434 836 -450 -445 470 -25 364 269 505 -44 924 -337 -842 68 -381 679 -350 252 -945 -531 -226 573 434 481 946 -626 629 -167 865 -923 -804 728 513 -676 -337 457 87 907 -418 268 -384 -928 -553 29 201 658
-387 674 -665 -784 629 -475 283 565 -48 -684 -459 -339 -289 607 839 889 758 100 173 -861 531 620 -813 -47 -906 -933 366 962 538 747 210 -937 -931 756 -354 -193 -36 282 344 708 310 -791 327 -901 799 214 451 410 -849 -484
647 727 -678 -616 -371 696 -343 -622 -659 -946 535 174 -780 304 -158 -142 -284 -51 -342 230 155 412 -905 470 438 4 -603 -999 -450 -982 -423 -417 754 452 723 -465 360 795 388 838 992 -492 -446 -559 95 282 468 -129 994 -470
-74 -398 -507 272 639 -563 834 108 -570 -461 276 -396 -170 608 423 59 117 920 -890 98 -97 315 -48 603 -918 100 -115 -846 883 -610 -946 125 -96 -985 254 -294 5 330 619 286 -694 -165 -161 -662 -912 904 366 444 346 -860
274 224 268 980 127 -475 993 -518 -231 -359 733 235 -167 75 939 195 -835 -970 649 856 -830 -500 764 -277 40 -530 898 -453 534 337 -746 156 -508 -994 779 48 -648 -152 -626 213 559 989 720 -549 557 -646 -346 333 -766 -689
-410 -278 248 -995 -487 -933 -69 -442 -321 78 494 -673 -729 826 -162 375 593 534 814 844 -313 53 -487 -865 -904 -62 598 -543 -927 453 -645 -926 643 -824 -986 881 -287 -875 644 -833 -524 -725 -619 780 436 -659 -941 -624 -970 372
-118 13 125 951 -449 -784 -54 -641 -843 832 262 -560 -286 -94 33 921 254 -350 -485 72 -188 146 861 338 617 433 -705 234 492 -312 662 -405 -67 275 678 -505 773 -205 -60 -39 -561 -330 468 -759 -282 -555 794 929 -258 -239
698 385 -516 315 -24 -42 -542 -676 -75 -370 800 507 -167 998 547 111 -219 624 -4 -926 167 -311 0 168 260 492 992 -782 652 -885 426 236 -515 -103 528 585 -166 532 -657 -789 61 893 708 83 -788 -792 205 -111 -77 720
-680 9 369 981 -554 218 183 -171 791 -477 -974 -873 947 616 -741 -503 124 -361 603 98 -479 302 -902 -251 644 52 592 900 -597 96 263 -346 369 911 -918 984 696 -359 -529 256 -382 438 -937 -977 -225 483 -722 -913 -655 -494
-118 -244 -624 919 329 309 626 -732 -371 22 485 -327 -489 -153 -572 -112 772 337 765 671 267 -610 860 -370 -967 886 -660 -114 -433 -966 709 -259 667 729 703 -461 259 147 -665 -561 22 124 -114 655 160 -939 -431 -198 857 64
506 93 -761 -104 462 -141 510 -215 673 521 -65 227 -916 -194 381 -212 -269 -496 592 -67 -830 879 299 252 -21 -36 -671 -649 -381 -406 -928 441 760 -467 -835 312 -761 -96 628 -560 -578 793 -648 747 636 -599 395 -275 302 -696
-904 909 -19 595 967 -332 -381 199 470 -171 -455 -154 -341 -499 -37 913 932 -46 -352 -444 396 -986 192 48 566 208 370 -221 -473 641 -972 936 511 889 -602 508 -82 -275 -409 635 679 -819 825 621 -432 502 -841 -709 722 423
100
100 100
100 100
100 100
100 100
100 100
100 100
100 100
100 100
100 100
100 100
100 100
100 100
100 100
100 100
100 100
100 100
100 100
100 100
100 100
100 100
100 100
100 100
100 100
100 100
100 100
100 100
100 100
100 100
100 100
100 100
100 100
100 100
100 100
100 100
100 100
100 100
100 100
100 100
100 100
100 100
100 100
100 100
100 100
100 100
100 100
100 100
100 100
100 100
100 100
100 100
100 100
100 100
100 100
100 100
100 100
100 100
100 100
100 100
100 100
100 100
100 100
100 100
100 100
100 100
100 100
100 100
100 100
100 100
100 100
100 100
100 100
100 100
100 100
100 100
100 100
100 100
100 100
100 100
100 100
100 100
100 100
100 100
100 100
100 100
100 100
100 100
100 100
100 100
100 100
100 100
100 100
100 100
100 100
100 100
100 100
100 100
100 100
100 100
100 100
100 100
