20 400
3 20
5 4
15 2
6 13
18 10
3 16
8 14
10 8
17 12
11 10
17 1
15 7
13 15
4 5
18 2
15 4
19 1
7 10
6 6
14 9
5 9
1 8
12 8
8 6
1 3
7 8
1 17
4 18
15 15
16 13
10 2
19 2
7 4
1 19
4 2
13 18
18 6
19 8
11 9
3 2
18 15
15 9
14 19
18 3
13 5
9 8
4 11
16 8
14 17
18 7
12 3
6 1
9 19
8 12
5 2
14 18
11 13
9 11
16 14
11 15
5 6
15 13
20 10
8 18
5 10
5 16
6 19
16 15
10 6
20 4
6 11
16 4
4 20
12 7
12 18
16 7
10 13
1 7
4 12
14 3
9 16
12 17
15 10
6 17
20 12
2 11
7 13
9 4
11 3
6 3
14 16
14 6
19 15
14 15
10 11
2 6
13 13
5 8
7 2
20 2
19 10
7 18
3 10
15 14
12 1
16 17
11 20
9 7
7 3
9 20
6 7
13 8
11 12
18 13
2 20
9 17
12 9
6 4
9 3
11 5
20 5
15 5
1 4
18 16
8 7
19 6
19 11
9 14
11 1
8 11
14 7
2 12
2 9
5 12
8 9
17 2
13 12
20 17
4 13
11 19
4 10
2 1
4 16
19 3
13 16
20 14
9 10
6 16
1 2
2 19
16 10
15 16
18 18
4 19
13 19
9 1
3 4
10 17
2 10
15 8
14 2
2 5
10 12
1 16
15 18
1 20
17 13
12 13
4 9
6 20
18 14
8 8
1 12
19 12
11 6
12 20
5 11
9 9
16 9
19 7
9 12
1 5
13 7
3 5
20 8
2 4
3 17
6 14
10 20
6 8
6 9
17 15
13 4
10 1
4 6
2 8
16 19
5 18
15 11
2 13
19 18
12 2
4 7
20 20
2 17
15 6
1 14
3 12
2 14
2 7
18 12
4 8
2 3
18 9
18 19
20 3
6 10
9 5
13 14
20 19
8 17
7 5
5 1
16 11
8 2
7 20
17 16
17 6
14 11
7 6
5 14
14 13
11 16
9 6
17 8
3 1
10 14
15 20
10 10
8 13
16 6
17 3
1 9
5 15
12 10
10 15
19 14
14 1
19 4
12 15
9 15
15 1
3 14
4 4
3 7
7 16
17 17
6 18
14 8
6 2
4 15
14 20
16 18
7 9
20 9
17 10
13 20
1 1
1 13
8 20
5 19
1 18
3 11
10 19
16 3
18 4
13 1
2 2
5 17
14 12
8 15
10 3
19 19
13 2
10 9
9 18
1 11
11 17
11 8
1 10
12 6
7 17
18 5
4 14
15 12
2 15
13 11
20 6
7 1
20 1
13 3
7 12
17 19
11 14
12 4
12 16
17 11
8 19
12 14
10 18
14 14
5 7
13 6
11 18
3 8
16 1
20 15
3 19
11 11
19 9
18 17
19 20
8 4
8 3
3 6
20 18
3 13
20 11
13 17
8 5
13 9
6 12
16 20
12 12
20 13
5 20
14 4
13 10
18 8
5 13
10 7
17 5
17 7
16 2
15 17
3 18
17 9
3 9
16 12
12 5
15 19
11 7
10 16
6 5
19 5
3 3
1 15
9 13
16 5
4 3
2 16
20 16
1 6
5 5
8 1
17 20
18 1
15 3
5 3
4 17
14 5
19 13
17 4
10 5
7 14
10 4
9 2
6 15
7 15
4 1
11 2
11 4
18 11
12 19
8 16
12 11
17 18
2 18
19 16
8 10
7 11
19 17
7 19
7 7
14 10
17 14
20 7
18 20
16 16
3 15
