5
1000
2 1 3 4 5 6 7 8 10 9 11 12 14 13 15 17 16 20 19 18 21 22 23 27 26 30 32 34 33 31 29 28 36 35 38 37 25 43 42 41 45 47 46 44 40 39 24 48 49 50 51 52 54 55 56 58 59 57 53 61 60 62 65 64 66 63 67 72 71 70 69 75 76 80 83 84 85 89 91 92 90 88 94 97 98 99 96 95 93 87 101 104 105 106 108 107 111 110 109 113 112 114 116 121 120 119 118 117 122 115 103 123 102 124 100 86 82 81 79 78 77 125 127 126 74 73 68 128 133 135 139 138 137 136 140 134 142 141 132 144 143 131 130 145 129 150 149 151 153 152 155 154 159 160 158 162 164 167 166 165 168 163 161 157 171 173 174 172 180 183 187 188 189 199 198 200 201 197 196 203 206 210 214 213 217 218 216 215 219 220 221 222 212 223 211 224 225 227 226 209 208 207 229 230 233 235 237 236 238 240 241 243 244 242 245 239 249 248 251 254 257 256 259 258 255 253 252 250 247 260 246 262 264 263 265 261 266 267 268 234 269 232 231 228 205 204 202 270 271 272 277 278 276 275 280 279 285 287 286 284 288 283 291 295 298 297 301 300 304 303 302 305 299 306 307 296 294 308 293 309 292 310 290 289 311 312 282 281 313 314 274 315 273 318 320 319 321 317 316 195 332 331 330 334 337 336 342 344 343 341 349 351 352 353 350 348 354 347 360 363 364 362 368 372 375 374 377 376 378 373 381 380 379 371 370 369 382 367 366 365 384 383 385 386 388 387 390 391 393 396 395 394 399 402 401 400 398 397 392 403 405 404 406 389 410 411 409 412 413 408 407 414 416 418 424 425 426 427 430 429 428 423 422 431 421 432 420 419 438 439 441 440 437 436 442 443 435 434 433 417 445 444 415 361 359 447 446 358 357 448 450 449 356 355 451 452 453 457 456 458 461 460 462 459 466 465 464 467 463 455 468 470 469 472 471 454 346 345 475 474 476 480 479 481 478 477 483 482 486 485 484 488 487 489 473 340 339 490 491 492 338 335 333 494 493 495 497 498 496 329 499 328 501 502 500 507 508 509 511 510 506 512 505 504 514 513 503 327 517 516 515 326 520 519 518 325 521 324 323 322 522 194 193 192 191 523 190 524 186 185 525 184 182 526 181 179 528 530 529 531 527 178 532 534 533 535 536 177 176 537 175 538 541 544 543 546 547 551 550 549 548 545 553 554 552 555 556 542 540 539 557 170 558 559 169 560 156 562 563 570 569 568 572 571 567 573 566 565 574 576 580 579 581 578 583 584 585 592 593 595 594 596 597 591 604 606 607 605 615 614 616 613 612 611 610 618 617 620 619 609 621 622 608 625 624 623 603 626 627 628 602 601 630 629 631 600 599 598 632 590 636 638 637 635 634 633 589 640 641 642 639 588 587 586 647 648 650 652 654 656 655 653 651 649 658 659 661 662 663 665 664 660 657 646 668 671 675 676 677 674 678 673 682 683 685 684 687 686 681 689 690 688 680 679 691 672 695 697 698 696 699 700 703 704 711 710 709 712 714 715 713 708 716 707 706 705 717 722 723 725 727 728 729 726 733 732 734 731 735 736 738 739 737 742 741 743 744 740 730 745 724 721 746 747 749 750 751 748 720 719 753 754 755 759 758 757 761 760 756 768 769 767 771 772 770 780 781 782 785 784 783 779 786 787 778 789 788 777 791 790 776 792 775 774 773 766 793 795 796 798 797 794 801 807 808 809 811 810 815 814 816 818 817 819 813 820 812 822 821 823 824 827 826 828 825 830 829 831 806 832 833 834 835 805 804 839 838 841 840 843 844 842 848 847 846 849 845 837 836 852 851 850 803 854 856 855 858 857 853 859 862 861 860 802 800 799 765 764 763 762 752 718 865 866 864 863 702 701 694 867 869 868 693 870 871 692 670 669 667 666 872 645 874 876 877 875 873 878 879 644 643 582 577 575 884 886 885 883 882 888 889 887 891 892 893 890 896 900 899 901 902 904 906 905 910 911 912 913 915 914 909 918 917 916 927 929 930 928 926 931 935 934 936 938 939 940 943 942 941 937 948 950 951 949 947 952 946 955 954 953 945 944 956 933 932 957 925 959 958 960 961 924 965 967 968 972 971 975 974 973 978 979 977 980 982 983 984 981 986 985 988 987 976 990 989 970 992 991 993 994 997 1000 999 998 996 995 969 966 964 963 962 923 922 921 920 919 908 907 903 898 897 895 894 881 880 564 561 148 147 146
1000
2 1 3 6 5 4 9 8 7 18 19 21 20 17 24 23 22 16 25 15 14 26 13 27 28 32 31 33 35 34 30 36 29 12 11 38 37 10 46 45 47 50 49 51 52 48 44 55 54 56 57 53 58 43 42 59 41 63 62 64 65 66 68 67 61 60 69 74 73 76 77 78 79 75 80 72 81 83 82 85 86 87 84 71 89 94 95 93 92 100 99 98 101 105 104 103 102 107 106 97 109 108 96 113 112 115 116 114 111 120 119 121 122 118 117 123 124 125 110 91 127 128 126 90 88 129 70 130 132 136 135 134 133 131 40 39 137 140 139 138 142 143 145 150 149 148 152 151 147 153 155 156 160 159 158 157 161 162 154 146 144 163 164 141 166 165 167 169 168 171 170 173 174 177 176 178 181 180 183 182 179 175 172 188 187 190 191 193 195 196 194 197 198 199 200 192 189 186 185 184 201 202 204 213 212 214 211 210 218 219 217 226 225 231 230 232 229 228 234 233 227 224 223 240 242 244 243 241 239 238 237 236 246 248 247 245 235 222 221 220 251 253 252 250 255 254 249 256 216 215 259 260 263 265 266 268 269 267 271 270 264 275 274 273 278 281 285 284 283 289 290 288 287 286 293 292 291 297 296 298 295 299 301 305 307 308 306 309 312 314 313 311 315 317 318 316 310 304 319 303 302 300 321 322 324 325 323 320 326 332 331 330 334 333 329 328 327 294 338 337 341 340 339 342 336 335 344 347 346 345 343 282 280 348 350 349 356 355 354 359 360 358 361 362 357 353 364 363 365 352 366 367 351 368 369 279 371 372 370 373 277 374 276 272 375 377 382 383 384 386 385 381 380 387 390 389 393 392 395 396 394 391 388 398 397 399 379 402 401 400 404 405 403 409 408 411 412 410 413 417 418 416 415 419 425 424 427 426 423 428 431 437 438 436 439 448 447 446 450 452 453 451 449 454 455 445 444 443 442 459 458 457 460 456 462 461 464 466 467 468 470 472 471 469 473 474 475 465 476 477 479 478 480 481 488 487 489 492 491 494 495 493 501 502 500 504 510 514 515 516 520 519 518 517 523 522 521 513 525 526 528 527 533 532 531 530 534 529 524 535 538 539 542 543 541 540 545 547 549 553 555 557 556 560 559 562 561 563 564 558 554 552 551 550 565 567 566 548 568 569 546 570 544 571 537 572 579 581 580 584 585 583 586 582 587 590 591 593 596 595 598 597 600 599 603 602 601 594 592 589 605 606 604 588 578 577 607 610 609 608 611 612 576 613 614 575 615 617 618 616 619 574 573 623 624 622 621 620 536 625 627 626 512 628 511 509 630 631 632 637 636 640 641 639 638 635 634 633 629 642 643 648 652 651 653 656 655 654 650 649 659 662 661 667 666 665 664 663 669 668 660 658 675 674 676 678 680 681 679 686 685 688 687 684 683 682 677 692 691 690 689 673 672 671 670 657 647 646 695 694 693 645 644 696 508 507 697 506 698 701 703 702 705 704 711 712 710 713 709 708 716 717 715 714 719 720 723 722 721 726 728 727 725 731 730 733 734 732 729 740 743 746 745 748 747 749 744 750 751 752 742 755 756 757 760 761 759 762 764 765 763 758 771 774 773 772 770 769 777 778 776 775 780 779 768 781 767 766 784 783 785 786 782 754 753 787 741 739 788 792 791 798 797 799 796 795 794 793 790 801 804 805 803 808 807 806 812 811 810 809 802 813 814 819 818 817 823 824 822 825 821 820 826 828 829 836 835 837 834 838 839 842 841 844 843 840 833 847 848 850 851 849 852 846 854 853 845 857 856 855 858 859 860 861 862 832 865 867 866 868 864 872 873 876 875 877 874 878 883 884 887 886 885 882 888 890 889 893 892 891 881 894 880 879 895 896 871 898 901 900 902 899 897 870 907 908 911 912 915 919 918 917 921 920 926 929 937 940 945 944 946 948 949 951 952 950 947 953 943 942 941 939 938 960 962 963 964 961 966 965 968 967 959 958 957 956 955 969 954 936 935 934 972 973 971 970 933 974 932 931 975 930 976 928 980 979 978 981 984 987 989 990 988 993 994 995 997 996 1000 999 998 992 991 986 985 983 982 977 927 925 924 923 922 916 914 913 910 909 906 905 904 903 869 863 831 830 827 816 815 800 789 738 737 736 735 724 718 707 706 700 699 505 503 499 498 497 496 490 486 485 484 483 482 463 441 440 435 434 433 432 430 429 422 421 420 414 407 406 378 376 262 261 258 257 209 208 207 206 205 203
1000
3 2 1 5 4 11 10 9 12 16 18 21 24 25 26 29 30 31 32 33 28 36 39 38 37 41 42 46 47 48 49 45 44 43 57 58 56 59 55 54 53 60 61 62 52 63 51 50 40 35 64 65 74 73 72 77 76 75 78 79 80 81 71 82 70 69 83 68 86 85 84 67 66 87 34 27 88 89 23 22 90 20 19 94 93 100 101 99 98 97 96 95 102 92 91 103 104 106 105 109 108 107 17 15 14 114 119 123 122 124 125 126 127 128 121 129 120 131 133 141 142 140 143 139 138 148 149 150 152 155 159 158 161 160 157 162 156 154 153 151 147 146 164 163 145 165 144 137 136 166 135 134 167 132 175 176 174 177 173 184 183 182 428 187 185 193 192 191 194 195 190 200 202 203 204 201 199 205 198 207 208 206 211 210 212 216 215 214 217 226 227 228 229 230 231 225 224 223 232 222 221 220 219 233 235 237 236 234 239 243 242 241 244 240 246 245 247 248 249 251 252 250 253 255 256 257 254 238 218 258 261 262 263 264 260 265 266 268 269 271 270 267 272 273 274 277 280 279 278 276 275 282 283 284 285 289 288 291 290 293 292 294 297 298 299 296 295 287 286 281 259 301 300 302 213 303 304 308 307 306 311 312 315 314 316 313 317 318 310 321 324 323 322 320 325 319 309 305 209 197 328 327 326 196 189 188 332 331 330 333 329 335 334 181 336 337 339 338 340 180 342 343 344 341 345 346 347 348 179 178 349 350 353 352 351 355 357 356 358 360 359 361 363 364 362 354 367 366 365 172 171 170 169 168 130 368 118 371 376 378 377 379 380 375 381 374 373 382 372 383 384 386 387 385 388 370 389 390 369 117 391 393 395 396 394 399 398 397 392 400 116 401 115 404 403 402 405 113 112 111 110 407 406 408 414 413 417 418 419 421 420 416 422 415 423 424 425 412 411 426 410 409 429 430 431 186 427 435 434 433 436 432 437 13 8 7 6 438 440 439 441 446 445 444 443 442 447 448 449 450 451 454 453 452 455 456 457 458 459 460 461 464 463 462 465 466 467 468 469 471 470 472 473 476 475 478 477 483 484 482 481 480 486 485 479 487 489 488 490 474 497 498 500 499 503 502 505 506 504 501 513 514 512 517 518 516 515 511 510 519 509 508 523 522 524 525 526 521 531 533 532 530 535 534 529 538 537 536 528 541 540 543 542 539 546 545 548 563 564 567 568 570 569 571 572 566 565 574 573 578 577 581 580 583 582 587 591 590 589 592 594 593 588 595 598 597 596 586 601 604 605 608 609 607 616 617 615 614 613 619 618 620 612 611 610 621 623 624 622 626 625 627 606 629 630 632 631 633 634 637 639 638 636 635 628 603 602 640 600 643 642 641 599 585 644 584 646 647 648 645 649 579 651 650 576 652 653 575 562 561 655 654 656 560 658 661 660 663 662 659 664 669 670 668 672 675 674 676 679 678 677 673 680 681 683 682 671 667 666 665 684 691 693 692 690 689 688 694 695 687 696 697 698 686 685 657 699 559 702 705 706 708 712 711 718 717 719 720 721 716 715 722 723 724 725 714 726 727 728 732 734 735 736 733 731 738 741 743 742 744 740 739 737 745 746 747 730 750 751 749 748 754 753 752 729 755 757 758 756 759 713 763 773 772 771 770 776 775 777 783 788 787 786 790 789 792 795 796 794 793 791 797 799 798 785 801 809 808 816 817 819 818 828 827 829 831 834 833 832 836 837 835 830 826 825 838 824 839 849 850 848 851 852 853 854 847 846 845 844 843 842 856 858 857 855 841 859 860 840 823 861 864 867 866 865 863 862 869 868 871 872 870 822 874 873 878 877 879 876 875 821 820 888 894 896 898 897 895 902 903 901 900 899 893 905 908 910 913 914 912 915 911 909 917 916 918 920 921 922 919 924 923 907 906 904 926 929 928 931 930 927 925 892 932 934 936 935 937 933 938 891 890 889 944 943 942 945 946 948 947 949 950 941 951 940 939 952 957 956 958 955 960 959 954 961 953 962 887 966 967 972 971 970 973 969 968 974 965 975 976 977 964 963 981 980 979 978 982 985 986 988 987 989 990 984 991 992 983 993 995 994 886 885 996 884 997 883 882 881 1000 999 998 880 815 814 813 812 811 810 807 806 805 804 803 802 800 784 782 781 780 779 778 774 769 768 767 766 765 764 762 761 760 710 709 707 704 703 701 700 558 557 556 555 554 553 552 551 550 549 547 544 527 520 507 496 495 494 493 492 491
1000
1 5 4 3 6 7 2 10 9 8 12 11 13 14 15 16 17 19 18 20 21 24 29 28 30 27 26 36 35 34 39 40 42 44 43 41 38 48 47 46 45 49 37 33 32 31 59 62 65 69 68 67 66 71 70 64 73 72 63 74 61 75 60 58 77 78 76 57 56 55 54 53 84 83 82 81 87 91 90 93 100 101 102 99 98 97 104 103 106 108 109 107 105 96 114 113 116 117 118 115 121 120 122 119 112 111 125 124 123 126 128 127 110 95 94 92 89 132 133 131 130 137 138 136 139 135 134 140 129 88 141 143 145 148 147 146 144 149 142 150 86 152 151 154 153 160 159 158 157 161 162 156 167 166 174 173 175 172 171 170 176 169 168 177 165 178 164 180 179 182 181 183 185 186 187 184 163 189 192 193 194 197 196 195 191 190 188 155 199 198 85 201 202 200 205 204 203 80 206 79 207 52 209 210 211 212 213 208 214 215 51 216 217 220 222 224 225 223 226 221 228 229 227 231 230 219 218 50 234 233 232 25 237 240 241 242 239 238 244 246 249 252 253 254 259 260 262 261 258 257 256 255 251 263 250 264 248 266 269 268 271 270 267 272 265 273 247 245 243 274 276 281 284 286 287 285 288 283 291 290 293 294 295 296 292 289 282 298 299 300 303 305 306 304 302 307 308 301 313 312 311 310 309 314 315 318 317 320 319 322 326 325 324 323 328 327 321 332 331 330 329 316 333 297 334 280 335 279 336 341 340 342 347 348 346 345 344 343 349 339 353 354 352 351 358 357 356 360 359 355 361 350 363 362 338 337 364 366 365 278 369 371 373 372 370 368 375 374 376 367 377 277 379 378 275 382 381 380 384 383 236 387 386 385 235 23 22 388 391 393 392 390 389 394 395 401 400 399 410 411 412 416 415 417 419 421 422 424 426 427 429 428 430 425 423 432 431 420 418 414 413 409 408 433 434 437 436 438 435 407 440 442 441 443 446 445 448 449 451 450 452 453 447 444 454 455 439 406 405 459 458 461 463 465 467 474 475 473 472 481 480 484 485 483 493 492 494 491 495 496 497 500 499 502 501 498 505 504 503 490 489 488 487 486 482 506 479 507 509 513 515 516 517 514 512 519 518 511 510 520 508 525 524 523 526 527 522 528 521 532 531 536 535 534 533 538 539 537 530 529 478 477 540 476 471 542 541 543 470 545 544 547 549 548 546 550 552 553 551 469 554 555 468 466 464 462 558 557 556 460 559 457 560 456 404 403 562 563 561 565 564 570 569 568 567 572 571 573 574 566 402 575 576 577 580 579 584 583 582 581 578 585 586 590 589 588 591 595 599 598 600 602 601 604 606 605 610 609 615 616 617 614 613 618 620 621 619 612 628 630 631 632 629 627 626 633 625 624 623 637 639 642 641 646 647 648 645 650 652 653 651 654 657 658 656 655 649 644 660 659 643 662 661 640 663 665 664 666 667 638 636 668 635 669 670 671 672 675 678 680 681 682 685 686 688 691 692 690 693 689 694 687 696 697 698 699 701 700 703 706 705 704 702 695 707 684 683 712 711 713 710 714 709 708 715 679 716 677 719 723 722 724 725 727 729 730 734 733 737 736 735 732 739 738 740 731 728 726 721 720 742 744 745 746 743 747 749 755 756 754 753 757 752 751 750 748 759 758 741 718 717 760 676 674 673 761 634 762 763 622 611 766 765 764 767 608 770 771 772 769 773 774 776 777 775 780 783 785 786 787 784 789 791 790 788 792 793 794 782 797 800 801 804 805 803 802 799 798 811 813 814 816 819 818 822 821 820 823 817 815 827 826 829 828 825 824 832 835 834 836 838 839 843 844 846 845 842 850 851 852 854 853 855 857 858 856 849 862 864 863 861 865 860 859 867 869 871 872 873 870 868 866 874 875 848 878 877 882 881 880 879 884 889 888 887 890 886 892 893 895 896 894 891 898 900 902 906 905 907 904 903 901 909 910 911 914 915 918 917 916 921 923 922 924 920 926 928 927 925 929 932 934 933 935 931 937 936 930 940 942 941 944 943 939 946 945 938 951 952 950 949 953 954 957 959 961 962 960 958 956 964 963 966 965 955 967 968 971 974 973 976 975 977 981 982 983 985 984 988 987 989 986 990 991 993 992 995 997 998 1000 999 996 994 980 979 978 972 970 969 948 947 919 913 912 908 899 897 885 883 876 847 841 840 837 833 831 830 812 810 809 808 807 806 796 795 781 779 778 768 607 603 597 596 594 593 592 587 398 397 396
1000
1 2 3 5 11 14 13 17 16 15 18 19 22 21 20 12 27 26 30 31 32 35 37 36 43 44 42 46 47 51 53 52 50 49 48 56 55 58 62 65 66 64 67 63 61 60 59 69 68 71 70 72 73 57 54 75 76 74 45 41 40 77 39 79 80 81 82 83 84 78 38 88 87 86 85 89 34 95 96 94 98 97 99 102 101 103 100 105 106 109 110 108 107 104 116 115 114 113 112 111 93 92 122 125 126 127 124 123 128 129 132 131 130 121 120 119 134 133 118 117 91 90 137 136 138 140 143 146 145 144 148 147 150 149 152 151 155 154 156 153 142 141 158 157 139 159 166 169 170 171 172 168 167 174 178 177 176 181 180 185 186 184 188 189 190 187 183 182 192 191 179 194 193 175 173 195 197 198 200 203 202 204 201 199 196 165 205 164 163 162 161 208 207 209 206 160 135 33 210 29 211 28 212 25 24 213 23 10 9 8 215 214 217 220 223 227 226 225 224 229 230 232 231 228 222 236 238 240 239 237 241 235 242 244 243 234 245 246 251 250 252 249 248 254 257 258 256 255 259 253 247 262 263 261 260 264 269 274 277 276 279 278 280 283 282 281 275 285 284 273 272 271 270 268 287 286 291 290 292 294 293 296 297 295 299 300 298 289 306 309 308 311 310 307 313 312 314 319 318 321 320 317 325 326 327 330 329 331 333 332 328 324 334 323 322 335 316 315 838 337 338 339 340 341 336 344 343 345 347 348 346 349 350 342 351 304 353 355 356 360 359 358 361 357 362 370 369 371 368 367 366 365 373 376 375 374 372 379 378 377 380 364 382 381 383 384 363 354 352 394 393 395 396 398 397 403 408 407 406 405 411 412 413 410 414 409 417 416 415 420 421 422 419 426 428 429 433 438 437 436 439 435 441 440 434 432 442 431 448 449 447 446 445 452 451 450 444 443 430 427 458 457 459 460 463 464 469 468 467 472 475 481 482 486 487 489 488 485 484 494 498 499 497 500 496 495 493 492 506 505 504 503 507 502 509 508 516 517 515 514 513 518 512 511 510 519 501 491 521 520 522 526 527 525 528 529 524 533 536 535 537 538 539 541 540 534 532 531 542 543 530 547 546 545 544 549 550 548 552 553 551 523 555 556 554 557 560 562 561 565 571 574 576 575 573 579 578 577 581 580 582 585 586 584 587 583 572 570 569 590 589 593 592 594 598 599 597 596 600 603 602 601 595 604 591 588 568 605 606 607 567 566 615 614 616 617 613 612 619 623 622 621 625 624 626 620 618 611 610 627 609 608 564 563 631 634 633 638 637 636 640 639 635 643 654 655 656 658 659 657 660 653 652 662 663 664 661 674 675 677 678 676 673 679 680 672 671 670 681 669 668 667 666 665 682 651 650 683 649 648 647 646 685 687 689 690 688 692 694 695 693 696 697 691 686 705 707 710 720 721 723 722 719 724 718 717 716 715 725 726 714 728 729 730 727 713 732 736 742 743 744 741 745 740 747 746 748 739 738 737 735 750 757 756 758 759 755 754 753 752 751 749 734 733 731 760 712 711 762 761 709 765 764 763 708 706 704 703 767 770 771 769 768 772 766 702 773 701 700 699 775 774 698 776 684 645 777 644 642 641 778 779 780 783 782 785 784 786 787 781 632 630 629 788 628 559 558 490 483 792 793 791 790 789 480 794 479 478 477 795 476 798 800 799 805 806 807 809 808 811 812 810 813 804 814 815 817 816 818 821 820 819 823 822 803 824 802 826 828 829 831 830 832 827 833 825 801 797 796 835 305 837 836 840 841 842 843 844 845 846 847 848 839 834 849 474 473 851 852 850 853 856 855 859 858 866 867 865 864 863 871 873 875 877 876 879 878 881 882 884 883 885 889 888 890 887 886 893 896 895 897 898 899 894 892 901 900 891 902 880 874 872 903 907 909 910 914 913 912 920 922 924 923 925 921 919 928 927 929 932 931 930 933 926 934 936 937 938 935 940 939 942 941 918 917 916 915 950 951 953 952 955 954 949 948 959 958 960 957 956 961 962 963 947 965 964 966 946 967 945 968 944 943 911 908 972 973 978 977 976 975 980 979 984 983 982 985 988 987 991 990 989 986 993 994 992 998 1000 999 997 996 995 981 974 971 970 969 906 905 904 870 869 868 862 861 860 857 854 471 470 466 465 462 461 456 455 454 453 425 424 423 418 404 402 401 400 399 392 391 390 389 388 387 386 385 303 302 301 288 267 266 265 233 221 219 218 216 7 6 4
