10
880
1 2 3 5 6 7 8 4 10 9 12 11 15 14 16 13 18 22 21 25 26 24 27 29 31 34 33 35 37 36 39 38 41 40 32 43 44 42 30 28 45 23 20 48 49 51 52 54 53 55 50 56 57 61 60 67 66 72 71 78 77 83 82 90 95 94 101 100 99 106 105 104 103 107 111 110 109 112 108 115 114 113 116 117 119 122 121 120 118 123 102 98 124 97 96 93 127 128 132 131 135 134 138 137 136 133 140 142 141 145 147 148 149 146 144 143 153 152 154 155 160 161 166 168 169 170 172 174 173 179 178 177 180 185 186 189 191 192 190 193 188 194 195 198 197 196 199 200 187 184 183 182 181 176 175 202 201 205 206 204 203 171 167 211 210 212 209 213 215 214 216 218 221 220 219 217 222 225 224 223 208 207 227 228 230 234 233 238 237 236 241 240 242 244 243 247 246 245 248 249 239 251 252 250 253 257 258 259 256 260 255 254 235 232 262 261 263 231 229 266 267 270 269 271 272 268 273 275 276 278 277 279 280 282 283 281 285 284 274 265 264 287 289 291 290 293 292 288 286 226 165 294 164 163 297 300 301 307 311 310 314 315 313 312 309 317 320 325 326 327 324 323 322 328 321 319 318 316 308 332 331 330 333 337 336 340 339 338 341 342 343 335 334 346 347 345 344 349 350 353 352 351 357 358 360 362 368 367 371 370 373 372 369 366 365 375 374 364 378 382 384 383 381 380 385 386 379 377 376 388 387 390 389 393 395 397 399 398 396 394 392 391 363 361 408 410 412 413 411 415 416 414 409 407 406 405 404 403 417 420 421 424 423 428 427 429 431 430 432 433 436 435 434 426 425 439 440 442 443 441 438 444 437 445 446 447 448 422 419 418 402 401 449 400 450 451 359 356 355 354 348 453 454 452 456 457 460 461 464 463 465 468 469 471 472 473 474 476 475 478 477 470 481 480 479 483 482 484 485 487 486 467 488 466 462 459 490 489 492 491 458 455 329 494 495 493 496 306 305 497 304 502 501 500 499 498 303 507 506 505 512 511 513 510 509 508 504 503 514 302 299 515 298 296 517 519 518 520 516 295 524 523 528 529 532 533 534 535 531 537 536 539 538 540 530 527 526 541 543 545 546 544 542 547 549 548 552 551 550 555 558 560 561 559 557 563 568 569 571 572 570 567 573 574 566 565 575 576 564 577 578 562 579 556 554 553 525 580 522 581 585 587 588 586 590 591 589 592 598 597 599 602 605 604 607 606 611 612 610 613 609 616 615 614 618 620 621 619 617 608 603 601 600 622 596 595 623 594 624 593 584 626 627 625 583 632 631 633 634 630 629 635 636 642 643 641 640 645 644 639 638 646 637 628 582 521 647 648 649 162 650 651 654 653 652 655 159 158 157 156 151 150 657 658 656 139 659 660 661 130 665 666 664 668 667 670 669 663 662 129 672 674 673 677 679 678 681 685 686 688 687 690 689 684 691 683 682 695 696 697 694 693 692 698 700 699 680 676 675 703 702 701 704 705 671 706 707 126 712 711 716 724 725 726 723 722 721 720 727 719 718 717 729 728 731 735 736 738 740 739 741 737 734 742 733 732 744 743 730 715 745 714 713 746 710 747 748 749 709 750 708 125 92 91 89 753 755 761 760 759 758 757 763 762 756 754 752 751 88 87 764 765 86 766 85 767 775 774 773 772 776 777 771 782 781 783 780 784 779 786 785 788 787 789 778 770 769 793 794 795 792 796 798 799 797 800 791 790 768 802 808 807 806 805 804 803 801 809 84 810 81 815 814 813 817 818 816 819 821 820 812 811 80 79 825 827 826 824 823 822 76 828 829 75 74 73 70 831 830 834 836 843 844 842 845 841 840 839 838 846 837 835 848 850 849 847 833 851 832 69 68 65 852 64 63 62 853 59 859 860 862 861 864 869 868 867 866 865 863 858 871 875 879 880 878 877 876 874 873 872 870 857 856 855 854 58 47 46 19 17
574
1 5 4 6 10 9 8 11 14 16 15 13 12 20 25 24 26 27 23 22 31 32 33 30 36 37 38 39 40 35 42 41 34 29 28 21 19 18 43 45 46 44 17 7 51 52 50 49 48 56 57 58 59 55 60 54 53 47 3 61 2 62 64 63 65 67 66 72 74 77 78 76 79 75 73 71 80 70 69 81 68 85 84 83 82 86 87 88 90 89 92 94 97 98 101 102 100 99 103 96 108 109 107 106 110 111 105 104 112 95 119 118 121 124 123 125 122 128 127 126 130 137 136 135 138 139 134 141 140 133 132 131 129 120 142 144 143 145 117 146 148 147 153 152 151 155 156 157 154 159 158 161 162 165 164 163 166 160 168 167 150 169 149 116 171 170 115 114 113 93 175 176 181 180 179 182 178 177 174 173 172 91 183 186 185 184 187 188 192 191 190 194 196 195 199 198 197 193 200 189 205 206 207 204 211 210 209 208 203 212 214 215 217 216 213 220 219 218 224 225 229 228 230 227 231 232 226 223 236 237 240 242 243 241 239 238 235 234 233 244 247 246 251 253 255 254 252 250 249 260 259 261 258 263 264 268 269 270 271 267 266 265 262 272 257 274 273 256 248 245 222 278 277 276 283 285 284 282 286 287 281 280 288 279 292 291 290 295 294 293 297 296 299 301 300 303 302 298 306 307 308 305 304 309 289 311 310 314 313 312 316 317 315 275 318 319 221 202 201 322 321 320 325 327 326 328 324 329 332 331 330 334 333 323 335 336 338 340 342 341 339 345 346 350 351 349 348 347 344 343 353 352 355 357 356 354 337 359 358 361 360 362 366 365 367 364 370 369 371 372 373 374 376 375 368 378 377 379 363 381 380 383 382 386 388 390 389 391 393 394 396 397 395 399 400 398 402 405 412 415 414 418 422 423 425 427 428 426 429 424 421 431 430 420 419 432 433 434 417 436 439 438 437 435 440 416 441 442 413 411 410 445 444 446 448 449 447 450 451 453 454 452 443 409 408 455 456 458 457 407 406 404 459 403 464 465 463 467 466 469 470 471 473 475 474 472 478 482 481 483 484 480 486 488 487 485 490 489 479 491 492 477 476 468 462 461 460 493 401 494 498 497 499 503 504 502 501 505 506 508 507 509 500 496 510 495 392 387 512 513 517 518 521 526 527 528 530 532 535 534 536 538 537 540 541 539 533 531 542 529 525 524 523 543 544 546 545 547 552 554 553 551 550 555 549 548 522 520 519 516 515 557 556 558 514 560 559 562 563 565 568 567 572 571 573 574 570 569 566 564 561 511 385 384
874
1 2 6 5 7 4 3 10 12 14 16 15 17 13 11 9 8 18 19 20 21 24 28 27 31 32 30 29 26 25 23 22 33 35 37 36 34 38 40 42 44 45 48 47 46 49 43 50 41 51 39 52 54 53 56 57 59 61 62 60 58 55 66 65 68 74 73 76 75 72 78 77 79 71 80 70 69 81 82 67 64 63 85 84 89 90 88 92 91 94 96 95 97 93 87 100 99 98 101 86 83 104 106 107 108 109 105 103 110 102 111 112 115 121 123 124 122 120 119 118 132 133 131 134 135 130 138 139 137 140 143 145 146 147 149 148 150 144 151 152 154 153 142 141 155 156 157 159 158 162 161 164 165 163 166 160 167 136 169 168 129 170 128 171 172 127 174 173 175 126 176 177 125 117 184 183 188 190 192 191 189 193 187 186 185 198 197 196 199 195 194 200 182 181 201 203 202 205 206 208 207 209 211 212 210 204 180 179 213 217 218 216 220 219 215 214 221 222 225 224 226 223 227 178 228 233 232 234 235 238 242 244 245 246 243 250 249 248 247 252 254 260 261 262 259 263 258 265 266 267 264 268 257 256 269 255 253 251 272 271 270 274 275 273 276 241 277 278 280 281 282 285 284 287 288 286 289 283 292 291 293 290 279 240 239 237 294 236 296 298 299 297 295 302 301 300 231 303 304 230 305 229 307 308 306 311 310 313 315 316 314 317 312 320 319 318 309 116 114 325 324 323 322 321 327 328 333 334 332 331 330 336 340 341 339 338 337 335 329 326 113 345 346 344 343 342 347 349 348 350 354 353 352 355 356 357 351 358 359 362 363 364 365 361 360 368 367 369 370 366 372 373 371 374 376 378 379 381 380 384 383 382 377 385 386 389 398 400 399 406 407 408 405 409 413 419 424 425 423 426 429 430 432 431 428 434 435 437 436 439 440 444 443 446 445 442 447 448 449 441 438 433 454 455 453 457 458 456 452 451 464 465 466 467 463 468 474 477 478 481 480 479 482 476 475 484 483 473 486 485 472 471 470 487 469 462 488 489 461 490 494 493 495 497 496 498 492 491 500 499 460 459 501 502 450 503 427 422 421 420 504 505 506 418 507 509 510 511 512 516 517 515 514 513 508 417 518 519 522 521 527 534 533 535 532 539 538 540 541 537 536 543 545 546 547 549 550 551 548 544 542 531 552 554 553 530 559 561 560 558 557 564 565 568 569 567 566 570 563 576 577 578 575 581 580 582 583 579 574 573 572 571 562 556 585 586 587 588 592 593 591 596 595 594 590 589 597 598 584 555 529 599 600 605 604 608 607 610 612 611 613 614 609 616 615 606 619 618 620 617 603 622 629 631 632 630 634 633 635 640 639 643 646 645 644 647 642 641 638 649 648 637 650 636 651 628 627 626 625 652 624 623 653 654 621 655 602 601 528 657 656 659 658 660 663 662 661 526 666 665 664 525 524 667 670 669 668 523 520 671 675 676 678 682 683 685 684 681 680 679 677 690 689 688 687 686 674 692 691 673 672 416 699 702 701 703 700 698 704 708 709 710 713 716 715 717 720 719 718 721 722 714 723 727 728 726 725 729 730 724 712 711 707 706 731 732 735 739 744 745 748 747 750 749 746 756 757 758 759 755 754 753 752 751 743 763 767 766 768 765 772 776 775 774 773 777 778 771 779 770 780 782 783 786 787 785 790 792 793 791 789 788 794 797 796 795 804 806 808 807 805 803 809 812 814 815 813 811 810 817 818 822 823 825 827 826 829 828 824 821 820 831 833 834 832 830 819 816 802 801 800 835 837 839 842 841 840 844 852 851 850 853 855 861 860 862 859 858 863 857 867 866 871 870 872 869 873 868 865 874 864 856 854 849 848 847 846 845 843 838 836 799 798 784 781 769 764 762 761 760 742 741 740 738 737 736 734 733 705 697 696 695 694 693 415 414 412 411 410 404 403 402 401 397 396 395 394 393 392 391 390 388 387 375
688
5 6 4 3 2 7 9 8 1 11 10 17 19 18 21 20 16 22 15 23 24 14 13 12 26 25 27 28 29 31 32 30 34 33 35 36 37 38 39 42 43 46 47 45 44 57 56 55 60 61 62 63 59 58 54 65 66 69 70 68 74 75 76 79 81 80 78 77 85 84 83 82 87 86 89 88 90 73 72 93 92 91 94 71 67 64 53 95 52 96 51 50 49 48 41 100 101 99 103 104 102 98 97 40 106 105 108 110 109 107 111 114 116 118 119 120 121 117 122 115 113 129 130 132 134 133 131 135 128 127 136 126 125 137 124 142 141 143 147 146 145 148 150 151 152 149 154 153 156 155 144 161 163 164 162 160 166 165 168 172 173 176 175 177 174 181 180 179 186 188 191 194 196 195 193 200 199 198 197 201 202 203 205 206 210 213 215 216 217 214 218 212 220 222 221 219 211 228 227 229 232 234 238 239 237 241 242 240 243 247 250 252 256 257 255 254 253 251 258 249 248 260 264 265 263 262 261 259 266 246 268 267 270 271 274 273 275 277 279 284 285 283 286 287 288 282 281 289 290 280 278 293 292 295 296 294 297 298 301 303 302 305 307 308 310 311 315 314 316 313 312 309 306 317 304 300 318 320 321 319 324 323 325 326 328 329 327 322 299 291 276 330 332 331 333 272 269 245 244 236 337 338 339 340 336 341 343 344 342 335 334 345 235 233 346 347 349 348 350 231 230 226 354 357 358 361 360 359 356 355 362 353 366 365 367 369 371 372 373 374 375 376 378 377 370 379 386 385 384 387 388 383 382 381 390 389 391 380 368 364 392 363 393 395 394 352 351 225 224 396 398 397 223 209 208 399 401 400 207 204 192 403 405 404 407 408 406 402 414 413 415 417 418 416 412 411 419 420 410 422 424 425 426 427 423 421 409 190 429 428 189 187 185 184 430 183 439 441 443 442 445 444 440 446 448 452 451 450 456 455 454 457 458 459 460 453 464 463 462 461 449 447 438 467 469 474 476 482 485 486 487 488 484 489 483 481 480 479 490 478 491 477 475 473 492 472 493 471 470 468 466 465 437 436 494 496 495 498 499 497 435 500 434 502 507 508 510 511 512 514 513 515 516 517 520 521 525 526 524 529 528 533 535 534 532 531 537 536 538 539 530 540 527 523 522 542 550 549 560 561 559 562 558 557 565 564 563 556 555 569 568 567 566 554 553 570 552 572 575 577 578 580 582 581 579 584 583 586 587 585 576 592 593 594 591 595 590 597 598 602 603 601 604 605 606 608 612 611 610 609 607 600 613 614 599 615 596 616 619 618 623 626 625 627 629 628 624 630 622 632 631 633 634 636 640 639 638 642 641 643 646 645 649 650 648 647 644 653 654 652 651 637 635 656 657 658 655 621 620 617 659 665 669 671 670 668 674 676 677 678 679 680 682 685 687 688 686 684 683 681 675 673 672 667 666 664 663 662 661 660 589 588 574 573 571 551 548 547 546 545 544 543 541 519 518 509 506 505 504 503 501 433 432 431 182 178 171 170 169 167 159 158 157 140 139 138 123 112
465
2 3 4 1 5 6 8 7 11 12 10 9 13 14 15 17 16 19 18 22 24 25 23 21 20 26 27 31 30 29 28 36 37 38 41 42 43 40 39 35 45 44 34 33 32 46 48 47 51 50 53 55 54 58 57 59 62 65 64 67 69 70 68 71 66 73 72 75 76 74 78 77 63 61 60 81 80 79 82 56 52 49 83 84 85 86 87 91 92 90 89 93 94 88 98 101 100 99 97 103 102 104 105 96 106 95 107 108 110 112 114 113 115 116 111 109 117 119 122 123 121 120 118 125 124 128 127 129 126 130 132 131 135 134 133 137 136 141 140 142 143 145 144 139 150 152 151 149 148 153 147 146 138 154 160 159 161 158 162 157 156 155 164 166 167 165 171 172 170 169 174 173 176 177 178 183 182 187 188 186 185 189 184 181 180 190 193 195 194 196 192 191 197 179 175 199 198 168 200 163 201 204 203 202 205 206 208 207 209 215 214 218 217 216 213 220 219 212 211 222 221 224 223 225 210 227 226 231 232 234 237 236 235 233 230 238 229 228 239 243 245 246 244 242 249 252 253 251 250 248 254 255 257 258 256 247 241 259 240 260 261 265 264 263 262 267 268 271 270 273 275 277 279 280 278 281 276 274 272 283 282 286 288 289 291 290 294 295 293 292 296 287 285 299 298 309 310 308 311 312 313 314 307 315 316 318 317 306 319 305 320 304 303 302 322 321 301 300 297 323 324 328 327 330 329 326 325 331 284 269 332 333 336 337 338 345 344 348 347 349 352 351 353 350 355 356 354 358 357 346 343 342 360 362 364 365 367 370 372 371 369 368 366 373 363 361 359 341 374 375 340 376 377 339 380 381 379 378 335 382 334 384 383 386 385 266 389 391 390 388 396 395 397 394 399 400 402 404 407 408 413 414 412 411 410 409 415 416 419 418 421 422 424 426 425 423 429 428 427 420 417 433 432 431 436 435 434 430 440 441 444 443 445 442 439 447 446 448 449 453 456 455 454 452 451 450 438 459 460 461 462 464 463 458 465 457 437 406 405 403 401 398 393 392 387
884
5 7 6 8 9 12 11 10 13 4 3 2 14 1 16 17 15 19 22 27 26 29 38 40 42 46 45 44 43 48 51 50 55 54 53 62 61 64 63 65 60 68 67 66 59 69 58 71 70 57 72 56 73 76 80 83 82 86 85 84 87 81 79 93 92 91 94 90 89 95 96 88 100 104 103 105 108 111 112 110 109 107 106 115 114 113 102 120 119 118 121 124 123 125 126 127 122 128 117 129 116 131 130 132 101 133 134 137 136 135 99 98 140 141 143 142 145 146 147 144 148 139 149 150 154 153 157 158 156 155 152 151 160 159 138 161 97 78 77 162 163 75 74 166 167 169 175 181 183 184 182 187 189 188 192 194 193 191 190 195 200 199 202 204 205 206 209 208 207 203 201 210 211 212 215 220 219 221 225 224 226 229 231 233 236 235 234 240 241 249 248 251 250 252 247 246 245 244 243 242 253 239 254 238 237 255 256 257 258 232 259 230 228 227 264 265 263 266 267 262 268 261 260 223 222 218 217 270 269 271 273 274 272 275 216 214 277 276 278 283 285 284 282 281 286 280 287 279 213 288 289 198 290 293 294 292 297 300 302 301 299 298 304 303 296 309 313 312 316 317 322 321 327 333 332 334 336 337 338 340 341 339 335 343 342 344 345 350 353 355 354 359 361 363 362 364 366 365 367 360 358 357 356 352 351 349 348 368 347 370 376 378 379 377 380 381 383 382 384 385 375 374 373 372 386 371 388 387 369 391 390 389 393 398 401 400 399 405 408 407 410 412 415 414 413 416 418 421 424 423 422 425 420 429 428 427 435 434 436 433 432 438 441 440 442 444 443 445 446 439 448 447 449 459 458 457 456 455 461 462 460 454 453 463 466 465 467 470 471 469 468 464 452 475 474 476 473 478 477 482 484 485 488 491 493 495 496 494 492 497 500 501 499 498 503 504 505 509 508 510 507 511 506 502 516 517 522 523 524 525 527 526 521 530 529 528 532 531 520 519 533 518 534 536 538 537 535 515 540 541 542 539 544 543 545 514 513 547 548 546 512 553 556 555 557 558 554 552 562 563 561 560 564 559 565 551 550 568 569 567 566 571 576 577 578 575 579 580 574 573 572 581 570 582 584 585 586 583 549 490 588 587 589 590 489 487 486 594 593 595 592 596 597 600 603 602 604 605 610 609 611 608 612 607 606 601 614 613 599 598 591 483 615 481 616 617 620 619 618 480 621 479 626 627 625 624 629 628 623 630 622 472 632 633 631 634 451 635 636 450 638 637 437 641 642 643 640 639 431 645 646 644 430 426 649 648 647 651 654 655 653 657 656 652 650 419 659 658 417 660 411 662 664 666 667 665 663 661 409 669 672 676 675 674 673 678 680 679 683 684 682 685 681 677 671 686 691 693 692 696 695 700 701 699 698 697 702 704 706 708 707 710 713 717 719 720 718 716 721 722 723 715 724 714 726 727 725 730 733 736 739 742 744 743 747 748 749 751 750 753 754 752 756 755 746 745 760 759 765 764 763 762 761 766 768 767 770 771 772 769 774 773 775 776 779 781 785 786 784 783 782 780 787 788 789 778 791 793 792 790 801 807 809 810 814 818 817 830 816 815 821 822 820 813 824 827 826 825 823 828 829 812 819 811 808 834 833 832 836 838 845 844 847 848 849 846 851 852 850 843 858 857 859 856 855 854 861 860 853 842 841 862 840 839 863 865 874 875 877 878 876 879 880 873 872 881 884 883 882 871 870 869 868 867 866 864 837 835 831 806 805 804 803 802 800 799 798 797 796 795 794 777 758 757 741 740 738 737 735 734 732 731 729 728 712 711 709 705 703 694 690 689 688 687 670 668 406 404 403 402 397 396 395 394 392 346 331 330 329 328 326 325 324 323 320 319 318 315 314 311 310 308 307 306 305 295 291 197 196 186 185 180 179 178 177 176 174 173 172 171 170 168 165 164 52 49 47 41 39 37 36 35 34 33 32 31 30 28 25 24 23 21 20 18
147
87 3 2 4 10 12 17 16 15 14 13 11 18 20 21 22 23 19 9 8 7 6 5 25 24 26 28 33 39 38 40 42 43 41 37 36 44 45 35 34 32 31 46 30 49 48 50 52 56 57 55 54 60 59 62 61 64 63 69 68 82 81 80 86 85 89 88 91 90 1 94 96 97 99 100 101 103 104 102 98 105 95 93 92 84 106 107 108 83 109 110 79 78 77 111 76 113 112 75 74 114 73 72 116 119 118 121 120 117 125 126 124 123 122 115 130 129 128 127 71 132 131 70 67 134 133 66 65 58 136 135 53 137 138 139 141 140 142 144 145 143 51 47 147 146 29 27
442
2 1 3 4 7 9 8 12 11 15 14 17 16 20 23 27 28 29 26 31 30 32 34 33 25 24 22 21 36 37 35 19 18 13 38 39 10 40 6 5 44 43 45 46 47 49 50 52 53 54 51 48 42 41 56 55 57 58 60 59 61 62 63 64 65 68 70 72 71 69 74 73 67 66 75 77 78 81 80 82 85 86 88 87 84 83 89 91 97 96 95 94 100 102 105 104 106 107 110 109 108 103 111 101 112 99 113 117 118 120 252 126 125 127 129 130 128 124 131 133 132 134 138 137 139 140 136 142 141 135 143 123 147 146 145 149 150 151 148 152 153 144 122 119 154 157 156 160 162 161 163 159 158 164 155 166 168 169 170 172 171 174 176 178 180 179 177 175 185 187 186 184 188 190 189 193 192 191 195 196 197 194 198 183 199 200 182 202 201 203 181 205 209 211 213 212 210 208 215 217 218 219 221 223 224 222 220 225 216 227 230 229 228 231 232 236 237 235 234 240 241 243 244 248 247 246 253 121 251 250 249 254 255 245 257 256 258 242 259 239 263 265 264 266 267 262 261 268 269 272 271 276 275 277 278 274 273 281 283 284 282 280 279 270 260 238 285 288 290 292 293 294 291 289 298 297 296 299 300 301 295 303 304 305 308 313 312 311 310 314 309 315 316 307 306 302 287 319 318 323 322 321 320 317 329 328 331 332 335 334 337 338 336 333 340 339 330 341 327 326 350 349 348 347 351 352 353 346 354 358 362 361 363 360 365 364 359 357 356 355 366 370 369 368 371 372 367 345 344 343 373 374 377 376 378 379 381 380 384 386 385 387 390 392 391 395 394 393 389 397 398 396 401 403 402 400 404 407 408 406 409 405 410 399 388 383 411 412 382 413 415 414 416 375 420 421 419 425 424 423 422 418 427 428 426 417 342 325 429 430 324 286 233 432 431 226 214 207 433 434 435 206 204 436 437 173 167 440 439 441 438 442 165 116 115 114 98 93 92 90 79 76
542
1 3 2 4 7 8 15 16 14 13 17 23 22 25 24 21 20 26 28 27 19 32 31 33 35 37 36 38 34 43 44 45 42 41 40 47 46 39 48 30 29 18 51 50 53 52 49 54 56 55 64 65 63 62 66 61 60 492 59 58 68 71 70 72 69 73 75 74 57 12 11 10 76 9 6 5 78 77 79 80 81 82 84 83 85 87 86 88 91 90 89 93 95 97 96 98 94 92 99 100 102 101 104 103 106 107 108 109 110 105 113 112 111 114 117 116 115 118 122 123 125 124 127 126 121 131 132 130 129 128 120 134 133 135 136 137 119 138 139 140 143 144 146 145 147 142 149 148 141 151 153 156 155 154 152 157 159 163 164 165 166 169 168 167 162 161 160 158 150 170 177 178 180 179 181 176 182 175 183 186 187 190 191 189 193 192 188 200 199 202 203 201 204 205 207 206 198 197 211 217 216 219 218 220 215 221 214 213 212 222 210 209 208 196 195 194 226 227 225 224 228 229 232 234 236 239 238 237 235 233 242 241 243 244 240 231 230 245 223 248 247 246 185 249 252 251 250 184 256 255 258 257 260 261 259 254 253 174 173 172 262 171 265 264 263 267 270 269 272 273 274 271 268 275 266 276 277 278 282 281 280 283 279 286 285 284 287 288 290 289 292 291 293 295 296 298 299 297 294 300 304 305 303 302 306 301 309 311 312 313 314 317 316 315 319 320 323 324 327 326 325 330 329 328 322 331 321 334 335 333 338 340 343 342 341 339 337 336 332 318 310 308 344 345 307 347 346 348 349 351 350 352 353 354 355 356 359 358 357 360 362 361 363 364 367 368 370 371 369 372 366 365 373 374 375 378 379 377 376 380 382 381 383 384 385 386 387 390 394 393 392 391 395 389 398 397 396 388 400 401 402 399 403 404 406 405 409 408 411 410 407 412 414 417 419 420 418 422 423 421 416 427 426 428 425 424 415 413 430 429 432 433 431 435 436 434 437 442 441 443 440 439 438 444 445 448 449 451 450 447 446 452 453 455 454 460 459 461 458 464 465 463 462 466 457 456 468 467 469 471 470 472 474 479 480 481 478 482 488 487 486 489 485 484 483 490 493 495 494 67 498 499 501 500 497 507 506 505 508 504 503 502 496 510 511 509 491 512 514 515 513 477 516 517 476 475 473 519 518 520 524 523 525 522 521 526 527 529 530 532 533 531 534 528 537 539 538 542 541 540 536 535
225
4 3 5 8 9 7 6 2 10 1 13 14 15 12 17 16 11 23 24 25 26 22 27 29 28 32 31 30 33 21 35 36 37 34 20 19 39 38 44 50 49 51 48 52 47 46 45 53 43 55 57 58 56 61 67 70 69 68 72 73 74 78 79 80 77 81 76 82 84 83 85 75 87 86 71 90 89 88 66 65 91 94 93 97 96 98 99 100 103 102 101 95 92 104 64 105 107 111 110 113 115 114 112 116 117 118 119 109 120 121 123 124 122 108 106 63 133 132 131 130 134 129 135 136 137 128 127 138 142 143 145 144 141 140 139 126 125 62 60 148 150 151 154 153 152 149 156 155 147 159 158 160 157 165 167 169 168 166 164 171 172 170 175 174 176 179 178 182 181 183 180 184 185 177 173 163 162 161 186 146 189 188 187 190 191 193 194 216 198 197 199 201 202 204 203 200 196 205 192 59 54 42 207 208 206 209 41 210 40 18 212 211 213 195 217 219 218 220 215 222 221 214 223 224 225
