10
100 935 870 507 943 580 741 362 905 117 95 364 152 177 401 125 807 165 596 34 635 567 922 122 696 637 856 377 409 929 128 672 73 790 959 665 212 771 228 969 494 166 607 304 609 300 348 218 915 787 486 944 66 948 57 173 614 941 769 108 84 940 918 775 289 832 16 210 583 796 194 577 396 158 335 452 838 912 762 90 509 403 169 705 709 563 146 664 551 673 939 744 261 725 852 867 358 626 86 522 3
100 314 564 985 27 431 516 63 21 704 633 959 459 12 16 517 424 955 977 968 888 139 525 312 867 849 717 863 553 979 274 646 231 42 360 40 165 731 673 80 700 325 222 495 55 550 966 599 277 716 179 436 345 594 540 413 290 143 986 279 39 890 687 385 946 875 6 964 769 560 378 490 29 338 520 588 368 940 5 661 893 662 603 609 82 308 104 551 965 291 127 154 723 450 972 829 961 497 500 650 440
100 191 206 636 147 444 929 743 739 799 541 996 231 479 50 497 851 431 928 188 312 699 399 488 193 407 452 712 803 442 72 493 859 418 62 790 441 246 628 1 655 351 356 123 38 107 612 201 537 334 210 762 580 204 183 325 667 267 228 318 702 531 252 540 881 446 924 187 80 358 154 933 54 940 217 670 675 89 930 963 817 283 623 685 842 391 666 248 287 134 714 219 585 943 671 323 289 768 461 960 303
100 17 782 885 383 707 356 540 652 132 375 108 671 361 678 526 859 243 812 887 558 148 826 852 767 138 851 191 806 256 71 38 876 665 136 104 585 485 24 606 298 756 739 875 179 959 838 964 91 881 135 613 230 442 66 512 860 651 388 617 354 285 621 19 950 49 820 608 535 25 961 382 808 815 574 15 190 468 159 948 712 481 152 80 800 660 733 264 218 841 65 516 129 181 9 224 350 397 667 213 554
100 904 479 501 948 366 653 275 373 459 532 784 41 795 259 308 399 435 472 122 611 966 970 972 390 35 378 847 3 5 657 365 141 513 729 978 219 830 855 295 833 352 748 33 383 604 903 386 601 552 511 968 844 34 200 766 508 639 345 465 893 117 319 737 76 487 816 87 240 994 829 119 57 796 502 356 783 958 643 432 944 591 438 277 895 282 770 278 974 897 621 849 723 882 658 943 380 359 279 38 25
100 59 373 171 872 470 810 306 643 29 101 704 721 129 552 209 421 10 215 269 690 321 524 91 205 684 394 982 377 220 814 307 965 208 972 221 473 658 726 97 940 376 225 611 110 461 851 545 12 649 772 551 73 183 504 642 665 278 301 730 489 163 907 530 924 780 201 350 566 20 553 600 956 867 803 190 612 881 718 180 280 158 455 694 123 27 111 999 527 843 72 456 112 732 30 63 61 770 948 153 226
100 916 786 217 53 744 42 289 338 681 762 518 571 732 437 28 800 504 174 778 708 234 722 490 465 814 659 300 180 852 795 576 346 913 111 435 523 727 537 542 202 934 757 948 679 297 123 714 223 152 97 471 305 731 183 884 886 907 477 293 689 107 984 597 290 369 385 553 423 634 745 596 439 733 878 366 806 402 281 665 743 748 2 345 729 268 216 875 90 87 943 137 830 921 455 506 387 707 321 780 528
100 509 317 935 664 478 978 261 807 252 206 13 31 192 460 320 779 285 790 77 453 732 80 426 456 153 929 151 553 902 187 693 172 704 652 362 889 198 238 109 225 885 216 563 641 854 900 403 679 504 126 150 49 797 491 113 149 306 777 50 497 414 73 368 659 482 654 721 244 200 719 847 600 451 416 449 547 275 699 228 890 974 382 972 927 259 985 748 280 908 215 605 966 404 898 427 452 851 879 824 8
100 150 829 105 361 120 252 236 610 29 213 844 588 476 968 501 154 771 558 896 580 658 964 497 520 697 956 676 764 24 636 8 882 752 854 570 767 589 817 293 437 931 575 860 371 850 111 865 132 901 586 78 790 421 135 649 831 434 451 57 519 623 618 390 487 139 274 511 54 363 243 278 765 824 532 757 557 878 496 716 923 547 127 638 836 551 20 781 121 639 462 553 888 7 385 863 579 975 732 327 870
100 937 481 706 944 221 957 906 188 342 348 127 107 518 850 432 528 323 630 370 365 592 842 96 527 313 606 400 566 336 747 159 16 485 905 293 729 962 196 346 582 471 21 758 553 320 491 234 493 547 208 151 617 782 840 752 610 344 926 283 568 803 141 197 623 470 360 143 450 719 816 918 676 732 697 240 744 446 662 37 915 338 634 116 223 933 832 150 966 453 912 180 943 133 4 67 115 667 795 482 677
