10
4 7 6 5 7
16 2 20 13 16 16 20 12 13 5 12 2 10 1 18 1 18
4 6 4 1 1
13 3 19 14 9 18 19 18 13 8 18 12 8 8
95 4 2 13 13 13 17 6 15 4 10 1 11 13 11 11 13 6 5 16 17 6 18 4 9 13 9 12 17 6 18 18 20 4 15 16 8 14 16 7 17 3 1 15 3 2 13 14 4 14 2 19 4 8 12 5 9 8 4 20 11 8 14 4 2 6 5 15 3 8 1 8 11 7 12 12 9 20 17 1 13 5 8 14 3 20 18 14 9 2 5 11 16 2 6 11
57 19 9 3 5 12 10 1 13 18 18 2 4 13 15 11 14 20 1 1 8 17 15 6 3 13 19 8 20 8 9 12 4 8 10 10 18 4 9 11 5 8 4 17 6 17 5 13 6 6 17 6 15 2 5 9 16 5
79 1 6 15 2 12 19 9 14 1 13 1 3 15 2 17 4 14 2 5 1 12 9 18 7 16 17 15 6 11 5 2 10 5 11 13 12 15 17 13 19 13 5 16 9 9 20 11 14 18 10 13 6 4 9 8 20 12 9 2 13 10 1 16 5 13 8 15 20 14 10 7 15 7 9 4 13 17 4 14
24 19 12 9 6 19 10 9 2 13 15 9 15 15 12 4 8 18 13 5 12 15 6 11 12
3 5 4 2
96 9 1 20 7 17 5 14 11 19 16 13 7 12 1 6 11 12 2 6 15 8 9 10 2 10 3 1 9 13 15 17 13 18 2 2 20 12 13 3 1 15 4 11 8 4 3 2 1 4 7 9 12 10 12 18 16 6 12 15 4 16 13 15 3 11 6 7 16 1 20 10 11 13 20 9 3 4 10 7 19 20 19 16 13 2 14 18 9 14 5 17 3 7 7 7 14
