10
11 153086421 382716051 160740742 7654322 38271606 359753088 1 137777779 214320989 359753088 22962964
14 145432100 107160495 443950619 267901236 336790125 375061730 420987656 367407409 252592594 290864199 199012347 38271606 68888890 443950619
57 252592594 375061730 275555557 451604940 191358026 428641977 30617285 321481483 168395063 275555557 306172841 451604940 30617285 398024693 352098767 130123458 336790125 382716051 22962964 145432100 53580248 244938273 91851853 451604940 382716051 191358026 153086421 114814816 443950619 229629631 114814816 405679014 367407409 176049384 390370372 329135804 61234569 283209878 382716051 221975310 107160495 244938273 84197532 38271606 352098767 451604940 375061730 84197532 61234569 30617285 413333335 267901236 76543211 290864199 313827162 298518520 336790125
63 252592594 336790125 267901236 237283952 168395063 420987656 114814816 7654322 313827162 436296298 15308643 1 367407409 275555557 114814816 367407409 313827162 214320989 214320989 107160495 413333335 367407409 68888890 244938273 451604940 99506174 382716051 252592594 306172841 267901236 91851853 68888890 260246915 306172841 122469137 413333335 344444446 313827162 153086421 221975310 428641977 153086421 313827162 367407409 359753088 413333335 367407409 22962964 45925927 68888890 382716051 199012347 229629631 1 183703705 22962964 436296298 214320989 176049384 168395063 137777779 22962964 45925927
43 352098767 390370372 176049384 76543211 206666668 53580248 68888890 413333335 443950619 390370372 382716051 84197532 137777779 336790125 183703705 260246915 237283952 313827162 275555557 45925927 38271606 183703705 107160495 336790125 336790125 283209878 153086421 176049384 359753088 176049384 160740742 38271606 84197532 168395063 428641977 183703705 1 267901236 99506174 153086421 168395063 45925927 45925927
26 7654322 443950619 321481483 61234569 38271606 214320989 229629631 405679014 30617285 130123458 420987656 260246915 45925927 313827162 451604940 267901236 22962964 436296298 137777779 183703705 252592594 38271606 114814816 298518520 1 176049384
19 30617285 114814816 145432100 436296298 84197532 290864199 336790125 267901236 367407409 91851853 267901236 15308643 22962964 398024693 321481483 214320989 199012347 221975310 145432100
83 428641977 221975310 398024693 244938273 329135804 313827162 183703705 191358026 130123458 199012347 321481483 107160495 443950619 260246915 99506174 206666668 53580248 443950619 107160495 84197532 137777779 214320989 191358026 214320989 313827162 344444446 145432100 122469137 244938273 22962964 176049384 53580248 420987656 344444446 145432100 451604940 229629631 61234569 145432100 390370372 7654322 398024693 229629631 176049384 214320989 306172841 382716051 99506174 22962964 252592594 183703705 237283952 352098767 367407409 229629631 321481483 7654322 443950619 7654322 199012347 91851853 221975310 352098767 61234569 107160495 367407409 375061730 275555557 199012347 176049384 275555557 244938273 107160495 160740742 53580248 451604940 420987656 336790125 183703705 206666668 176049384 38271606 428641977
5 199012347 306172841 191358026 344444446 290864199
69 199012347 375061730 229629631 420987656 168395063 443950619 405679014 367407409 191358026 15308643 130123458 15308643 420987656 436296298 76543211 61234569 390370372 168395063 260246915 214320989 451604940 375061730 99506174 367407409 283209878 275555557 344444446 45925927 153086421 275555557 221975310 436296298 237283952 137777779 252592594 145432100 1 61234569 38271606 329135804 191358026 107160495 382716051 176049384 122469137 15308643 367407409 267901236 359753088 91851853 428641977 329135804 436296298 199012347 38271606 352098767 344444446 38271606 237283952 290864199 191358026 91851853 76543211 122469137 244938273 244938273 252592594 298518520 145432100
