10
42 764491948 961300768 773017394 215855132 350555714 847155824 51230707 879241799 29178405 24214094 782765105 766463839 28418057 158752038 95250517 891365117 341281072 547613918 88748454 33538923 912665383 358836996 88748454 158752038 350555714 150668233 865811150 583863903 384729106 980752770 222978051 802874441 330264111 699833491 728784214 128721724 306998694 296836699 902385133 764491948 553853654 936927098
84 493692637 489155299 88748454 668570171 802874441 215855132 55079469 928943142 604400555 604400555 350555714 814479159 493692637 519957470 33782333 153375561 773017394 995493474 802132283 345554194 590027482 55079469 20357477 20357477 980752770 407396049 786923752 451915829 306998694 961300768 167415895 988204706 155105515 28418057 699213973 29178405 821776074 426791333 865811150 494835749 395129336 313034381 328926707 764491948 227679586 770667327 821776074 786923752 668570171 407396049 728784214 128721724 961300768 847155824 833939146 328926707 95250517 670181723 600299052 321573476 814479159 235284050 155105515 121245130 158752038 764491948 155803311 151473376 786923752 808839808 328926707 407396049 821776074 24214094 155803311 865811150 808588409 961300768 296836699 931071364 781886749 61981726 889678007 155803311
22 155105515 493692637 766463839 658943757 151473376 227679586 215855132 767174642 463737176 695977846 764491948 658943757 782765105 522713482 652520037 504459526 744997599 395227910 125423678 590027482 808588409 802874441
35 373696685 220359236 980752770 51230707 405127294 773017394 799400696 395227910 744997599 699833491 231507851 519957470 767174642 74144830 300754525 988204706 220359236 808839808 863260807 802132283 879020096 436806359 231507851 155803311 238197306 159160926 802874441 563170491 802132283 158752038 699213973 973984801 821776074 982254743 652520037
87 865811150 231507851 808839808 863260807 752218327 879020096 153542628 803813355 153375561 121245130 384729106 463737176 153375561 604400555 865811150 275792332 931071364 744997599 699833491 405127294 824878153 973984801 294887904 583863903 728784214 373696685 321573476 373696685 159160926 912665383 436806359 799400696 330264111 33538923 395129336 808839808 153375561 981767108 931071364 824878153 432742790 74144830 808839808 502103354 521493122 604400555 781886749 582393057 824878153 35587311 961300768 448726062 981767108 125423678 238197306 519957470 767174642 153375561 931071364 548554715 28418057 600299052 167415895 35587311 590027482 75352119 294887904 27668114 980752770 781886749 509903910 961300768 504459526 321573476 321573476 167415895 808839808 699833491 75352119 494835749 721618516 560888796 786923752 459229869 285516056 321573476 833939146
44 600299052 821776074 384729106 480129632 928943142 553853654 285516056 436806359 426791333 956962077 155105515 150668233 235284050 802132283 95250517 313034381 504459526 24214094 770667327 706521376 902385133 764491948 20357477 658943757 55079469 802874441 155803311 451915829 405127294 781886749 328926707 222978051 980752770 519957470 670181723 306998694 627053617 943034995 448726062 220359236 35587311 821776074 902385133 833939146
72 74144830 902385133 766463839 20357477 153542628 20357477 83593886 865811150 61981726 821776074 395227910 313034381 341281072 350555714 312699035 358836996 330264111 407396049 981767108 943034995 995493474 867343922 912665383 9637651 29178405 405127294 313034381 158752038 721618516 943034995 764491948 313034381 988204706 275792332 220359236 928943142 865811150 522713482 55079469 767174642 227679586 764491948 931071364 373696685 781886749 83593886 231507851 400175592 312699035 695977846 865811150 566724987 582393057 436806359 699833491 563170491 151473376 867343922 341281072 150668233 767174642 956962077 469148984 55079469 560888796 781886749 285516056 781886749 222978051 83593886 330264111 55079469
21 294887904 432742790 566724987 502103354 891365117 583863903 786923752 451915829 988204706 426791333 995493474 167415895 863260807 706521376 313034381 814479159 300754525 395227910 407396049 88748454 395129336
50 879020096 808839808 155803311 285516056 803813355 803813355 824878153 553195196 988204706 980752770 802874441 328926707 158752038 405127294 802132283 879020096 819835951 943034995 773017394 767174642 803813355 699213973 980752770 879241799 770667327 400175592 222978051 652520037 395129336 879020096 583863903 699213973 407396049 583863903 770667327 699833491 600299052 345554194 773017394 808839808 88748454 995493474 150668233 459229869 431054934 819835951 231507851 766463839 767174642 728784214
64 728784214 313034381 220359236 891365117 833939146 600299052 151473376 61981726 781886749 699213973 814479159 767174642 469148984 238197306 842820821 227679586 600299052 28418057 121245130 982254743 407396049 155105515 553853654 158752038 294887904 522713482 889678007 313034381 231507851 235284050 51230707 982254743 51230707 432742790 357892197 384729106 553195196 504459526 220359236 494835749 300754525 773017394 29178405 321573476 357892197 879241799 808588409 695977846 821776074 296836699 502103354 153375561 800424615 800424615 956962077 74144830 583863903 151473376 384729106 943034995 553853654 74144830 936927098 502103354
