10
100 1 2 3 4 5 6 7 8 9 10 11 12 13 14 15 16 17 18 19 20 21 22 23 24 25 26 27 28 29 30 31 32 33 34 35 36 37 38 39 40 41 42 43 44 45 46 47 48 49 50 1 2 3 4 5 6 7 8 9 10 11 12 13 14 15 16 17 18 19 20 21 22 23 24 25 26 27 28 29 30 31 32 33 34 35 36 37 38 39 40 41 42 43 44 45 46 47 48 49 50
62 49 4 17 12 38 1 6 3 36 21 37 33 27 28 43 4 41 27 15 16 15 23 27 12 8 24 28 33 39 19 17 24 20 40 23 24 5 7 2 18 32 42 25 32 33 15 35 3 14 36 6 44 16 42 33 10 40 8 39 11 12 3
62 29 2 37 49 33 4 40 11 37 34 26 7 37 3 1 49 40 7 29 19 16 9 36 5 10 8 18 33 50 50 38 41 40 9 6 3 43 13 11 4 31 30 21 7 11 35 17 3 11 39 13 36 44 26 32 6 33 46 12 34 50 37
4 38 11 21 44
33 46 43 43 16 23 47 29 1 36 24 8 18 4 17 27 31 20 9 26 21 14 6 38 24 6 6 13 3 41 6 32 8 3
50 8 13 17 43 42 12 50 30 35 40 19 40 19 46 3 26 49 6 7 13 42 14 43 10 18 29 29 3 45 46 30 45 29 16 41 25 24 32 35 15 44 20 13 50 2 10 23 42 17 22
28 32 13 44 33 6 43 5 43 38 20 38 28 30 48 8 46 22 16 23 49 46 20 49 4 35 40 32 32
79 48 48 40 44 10 10 44 11 20 4 11 34 4 5 1 46 39 17 23 40 21 20 45 4 26 12 24 2 26 37 3 2 16 26 26 21 45 48 49 23 21 20 27 40 9 2 33 41 7 41 31 2 30 2 20 16 9 5 36 4 38 27 31 17 47 49 47 17 24 42 22 1 37 29 29 43 10 16 42
19 16 29 10 4 27 50 47 29 8 35 3 29 43 24 50 38 16 44 8
34 36 2 17 42 36 21 11 18 50 12 1 35 42 24 3 50 49 41 2 8 3 20 16 25 42 36 6 24 34 28 26 45 43 18
