4
C 9
45 47 34 23 12 10 80 58 69
35 46 24 13 2 81 70 48 59
55 57 44 33 22 11 9 68 79
56 67 54 43 32 21 19 78 8
66 77 64 53 42 31 20 7 18
76 6 65 63 52 41 30 17 28
5 16 75 73 62 51 40 27 29
25 36 14 3 82 71 60 38 49
15 26 4 74 72 61 50 37 39
C 9
14 75 24 4 65 54 34 55 44
73 62 2 72 52 32 12 42 22
25 5 35 15 76 56 45 66 46
3 64 13 74 63 43 23 53 33
71 51 81 61 41 21 1 31 11
49 29 59 39 17 8 69 18 79
36 16 37 26 6 67 47 77 57
60 40 70 50 30 10 80 20 9
38 27 48 28 19 78 58 7 68
B 1
C 9
14 4 75 24 65 34 55 54 44
3 74 64 13 63 23 53 43 33
73 72 62 2 52 12 42 32 22
25 15 5 35 76 45 66 56 46
71 61 51 81 41 1 31 21 11
36 26 16 37 6 47 77 67 57
60 50 40 70 30 80 20 10 9
49 39 29 59 19 69 18 8 79
38 28 27 48 17 58 7 78 68
