8
C 8
10 63 18 39 31 42 7 50
56 1 48 25 33 11 57 16
24 62 19 38 30 43 6 51
53 4 45 28 36 21 60 13
52 5 44 29 37 20 61 12
14 59 22 35 27 46 3 54
49 8 41 32 40 17 64 9
15 58 23 34 26 47 2 55
B 9
C 8
22 59 35 14 54 27 3 46
41 8 32 49 9 40 64 17
44 5 29 52 12 37 61 20
23 58 34 15 55 26 2 47
18 63 39 10 50 31 7 42
45 4 28 53 13 36 60 21
48 1 25 56 16 33 57 24
19 62 38 11 51 30 6 43
C 8
22 59 35 14 54 27 3 46
41 8 32 49 9 40 64 17
44 5 29 52 12 37 61 20
23 58 34 15 55 26 2 47
18 63 39 10 50 31 7 42
45 4 28 53 13 36 60 21
48 1 25 56 16 33 57 24
19 62 38 11 51 30 6 43
C 10
19 21 17 95 93 70 72 47 23 48
26 49 28 2 4 99 97 74 50 76
18 24 20 94 96 71 69 46 22 45
91 13 89 67 65 42 44 39 15 40
90 16 92 66 68 43 41 38 14 37
63 85 61 59 57 34 36 11 87 12
62 88 64 58 60 35 33 10 86 9
55 77 53 31 29 6 8 83 79 84
27 52 25 3 1 98 100 75 51 73
54 80 56 30 32 7 5 82 78 81
C 9
62 75 64 5 51 16 29 27 40
73 14 3 25 71 36 49 38 60
72 4 74 15 61 26 39 28 50
2 24 13 35 81 37 59 48 70
52 65 63 76 41 6 19 17 30
12 34 23 57 1 47 69 58 80
32 54 43 56 21 67 8 78 10
22 44 33 46 11 45 79 68 9
42 55 53 66 31 77 18 7 20
C 9
37 59 48 70 81 2 24 13 35
26 39 28 50 61 72 4 74 15
36 49 38 60 71 73 14 3 25
16 29 27 40 51 62 75 64 5
6 19 17 30 41 52 65 63 76
77 18 7 20 31 42 55 53 66
57 79 68 9 11 22 44 33 46
67 8 78 10 54 32 21 43 56
47 69 58 80 1 12 34 23 45
C 5
12 18 6 24 5
10 11 4 17 23
19 25 13 1 7
3 9 22 15 16
21 2 20 8 14
