8
C 5
12 10 3 19 21
18 11 9 25 2
6 4 22 13 20
24 17 15 1 8
5 23 16 7 14
C 8
8 5 59 58 63 62 4 1
32 29 35 34 39 38 28 25
41 44 22 23 18 19 45 48
49 52 14 15 10 11 53 56
9 12 54 55 50 51 13 16
17 20 46 47 42 43 21 24
40 37 27 26 31 30 36 33
64 61 3 2 7 6 60 57
C 7
28 37 29 45 12 4 20
10 26 18 34 43 42 2
19 35 27 36 3 44 11
1 17 9 25 41 33 49
39 6 31 14 23 15 47
48 8 7 16 32 24 40
30 46 38 5 21 13 22
C 8
43 24 21 42 47 20 17 46
6 57 60 7 2 61 64 3
30 9 36 31 26 37 40 27
51 16 13 50 55 12 33 54
11 56 53 10 15 52 49 14
38 25 28 39 34 29 32 35
62 1 4 63 58 5 8 59
19 48 45 18 23 44 41 22
C 9
8 79 69 18 19 29 59 49 39
78 68 58 7 17 27 48 38 28
67 57 47 77 6 16 37 36 26
43 33 23 53 63 64 13 3 74
21 11 1 31 41 51 81 71 61
32 22 12 42 52 62 2 73 72
56 46 45 66 76 5 35 25 15
54 44 34 55 65 75 24 14 4
10 9 80 20 30 40 70 60 50
C 10
81 84 9 73 12 37 76 40 45 48
82 83 10 75 11 38 74 39 46 47
5 8 33 100 36 41 97 44 69 72
78 79 86 51 87 14 50 15 22 23
7 6 35 98 34 43 99 42 71 70
32 29 60 1 57 68 4 65 96 93
80 77 88 52 85 16 49 13 24 21
30 31 58 3 59 66 2 67 94 95
56 53 64 25 61 92 28 89 20 17
54 55 62 27 63 90 26 91 18 19
B 13
C 10
24 94 96 20 18 45 46 71 69 22
13 67 65 89 91 40 39 42 44 15
16 66 68 92 90 37 38 43 41 14
49 2 4 28 26 76 74 99 97 50
21 95 93 17 19 48 47 70 72 23
80 30 32 56 54 81 82 7 5 78
77 31 29 53 55 84 83 6 8 79
85 59 57 61 63 12 11 34 36 87
88 58 60 64 62 9 10 35 33 86
52 3 1 25 27 73 75 98 100 51
