5
B 3
C 3
7 1 8
6 5 3
2 9 4
C 9
38 49 71 60 82 14 3 25 36
37 39 61 50 72 4 74 15 26
17 28 41 30 52 65 63 76 6
27 29 51 40 62 75 73 5 16
7 18 31 20 42 64 53 66 77
68 79 11 9 22 44 33 55 57
78 8 21 19 32 54 43 56 67
58 69 10 80 12 34 23 45 47
48 59 81 70 2 24 13 35 46
C 9
47 69 58 80 1 12 34 23 45
67 8 78 10 21 32 54 43 6
57 79 68 9 11 22 44 33 46
77 18 7 20 31 42 55 53 66
56 19 17 30 41 52 65 63 76
16 29 27 40 51 62 75 64 5
36 49 38 60 71 73 14 3 25
26 39 28 50 61 72 4 74 15
37 59 48 70 81 2 24 13 35
C 4
7 9 12 2
14 4 1 15
6 16 13 3
11 5 8 10
