4
C 8
22 14 59 35 27 3 54 46
23 15 58 40 26 2 55 47
41 49 8 32 34 64 9 17
44 52 5 29 37 61 12 20
45 53 4 28 36 60 13 21
48 56 1 25 33 57 16 24
18 10 63 39 31 7 50 42
19 11 62 38 30 6 51 43
C 4
10 8 5 11
16 13 3 2
15 1 4 14
6 12 9 7
C 8
155 102 147 126 134 123 158 115
109 164 117 140 132 141 108 149
154 103 146 127 135 122 159 114
112 161 120 137 129 144 105 152
113 160 121 136 128 145 104 153
151 106 143 130 138 119 162 111
116 157 124 133 125 148 101 156
150 107 142 131 139 118 163 110
C 6
18 11 10 27 26 19
36 16 13 8 5 33
34 15 14 7 6 35
4 29 32 21 24 1
2 31 30 23 22 3
17 9 12 25 28 20
