6
B 15
B 13
B 11
C 10
68 65 96 93 4 1 32 29 60 57
66 67 94 95 2 3 30 31 58 59
92 89 20 17 28 25 56 53 64 61
90 91 18 19 26 27 54 55 62 63
16 13 24 21 49 52 80 77 88 85
14 15 22 23 50 51 78 79 86 87
37 40 45 48 76 73 81 84 9 12
38 39 46 47 74 75 82 83 10 11
41 44 69 72 97 100 5 8 33 36
43 42 71 70 99 98 7 6 35 34
C 9
47 58 69 80 1 12 23 34 45
57 68 79 9 11 22 33 44 46
67 78 8 10 21 32 43 54 56
77 7 18 20 31 42 53 55 66
6 17 19 30 41 52 63 65 76
16 27 29 40 51 62 64 75 5
26 28 39 50 61 72 74 4 15
36 38 49 60 71 73 3 14 25
37 48 59 70 81 2 13 24 35
C 10
68 65 60 93 4 1 32 29 96 57
66 67 58 95 2 3 30 31 94 59
92 89 64 17 28 25 56 53 20 61
90 91 62 19 26 27 54 55 18 63
16 13 88 21 49 52 80 77 24 85
14 15 86 23 50 51 78 79 22 87
37 40 9 48 76 73 81 84 45 12
38 39 10 47 74 75 82 83 46 11
41 44 33 72 97 100 5 8 69 36
43 42 35 70 99 98 7 6 71 34
