100
2 3
4 9
5 7
6 3
6 8
7 4
8 8
9 1
9 7
9 3
12 3
13 1
15 6
17 2
18 5
20 1
22 3
24 7
25 4
28 10
30 1
32 2
34 10
36 10
39 2
39 4
40 6
43 9
45 7
45 1
47 7
50 6
50 10
53 8
56 10
58 3
60 4
63 10
64 10
65 4
66 3
68 10
71 10
74 10
77 1
80 9
82 1
82 1
82 1
84 6
84 10
87 9
90 2
93 10
93 8
94 4
94 10
95 4
97 1
100 9
103 1
105 10
105 6
108 7
108 4
111 6
111 1
111 4
112 4
112 3
113 5
115 4
116 10
119 1
119 10
119 7
119 5
120 2
121 2
121 7
124 10
126 8
129 5
131 8
132 3
132 8
135 4
137 2
138 1
139 7
139 6
142 1
144 9
145 4
147 9
148 9
149 1
149 8
150 10
153 6
