100
1 2
4 1
5 2
7 8
13 4
13 15
20 23
22 29
23 4
33 10
34 21
42 28
45 14
49 29
54 22
55 19
63 9
65 29
68 23
73 14
79 19
87 18
92 12
97 27
100 28
109 6
116 17
117 26
120 30
129 6
139 29
149 10
155 27
156 8
160 19
167 14
177 23
185 26
189 15
190 29
196 4
200 20
204 2
210 27
215 26
221 6
225 27
230 28
240 21
250 6
258 29
264 28
265 24
265 18
275 1
276 24
281 14
289 5
292 30
296 10
302 6
306 22
308 11
313 16
314 14
314 20
317 18
327 1
334 30
339 18
348 28
357 10
363 24
368 12
370 18
370 15
376 27
385 22
388 29
394 3
394 15
396 26
400 8
403 1
409 10
415 3
422 20
422 28
427 3
429 6
435 4
444 1
449 4
458 8
465 29
466 16
470 3
470 26
477 17
480 30
