100
235 536
618 103
782 934
1033 900
1396 419
1848 626
2085 987
2138 148
2199 763
2442 159
2794 802
2954 976
3200 8
3256 456
3265 770
3623 668
3720 996
4010 829
4071 965
4399 259
4634 622
4675 918
4983 764
5224 90
5674 818
5798 248
5937 281
6413 246
6902 543
7179 364
7636 133
8134 451
8137 26
8453 900
8503 121
8845 906
8885 872
9186 826
9466 638
9656 459
10005 529
10469 215
10951 51
11032 71
11500 290
11871 340
12200 961
12420 161
12859 4
13329 124
13710 167
13734 12
14031 252
14485 419
14858 432
14968 33
15215 960
15318 113
15330 787
15546 608
15614 648
16022 226
16246 564
16633 654
16820 621
17180 569
17557 712
17900 205
18100 984
18284 393
18602 725
18657 640
18717 573
19011 949
19392 94
19845 497
20144 816
20446 338
20944 656
21275 637
21621 574
21684 304
21840 770
22183 746
22628 910
22754 402
22909 951
23088 16
23361 428
23733 879
23826 539
24230 406
24453 395
24788 732
25280 702
25397 997
25857 271
25962 964
26106 844
26449 765
