100
999002 991
999003 642
999004 408
999006 674
999007 832
999009 42
999011 468
999012 479
999012 381
999012 962
999013 996
999014 578
999014 235
999014 359
999015 959
999017 956
999018 857
999019 571
999019 685
999019 820
999019 328
999021 244
999021 306
999021 399
999021 155
999021 746
999021 230
999021 407
999023 317
999023 819
999023 18
999025 790
999026 569
999026 549
999027 955
999027 244
999027 729
999029 650
999031 449
999033 784
999035 592
999036 314
999038 480
999039 205
999039 633
999039 803
999039 851
999041 524
999042 821
999043 606
999044 983
999045 379
999046 23
999046 407
999047 681
999048 421
999049 504
999051 498
999053 163
999055 510
999056 622
999058 503
999059 234
999060 727
999060 92
999061 777
999061 818
999063 860
999063 642
999063 554
999065 789
999065 914
999065 136
999065 424
999067 549
999068 519
999069 531
999070 746
999072 485
999074 168
999074 177
999075 732
999075 986
999076 188
999076 245
999076 587
999078 670
999080 699
999081 446
999081 169
999081 892
999081 566
999083 855
999084 608
999086 503
999086 155
999088 502
999090 446
999092 276
999093 593
