30 30
999999999999999999999999999999
999999999999999999999999999999
999999999999999999999999999999
999999999999999999999999999999
999999999999999999999999999999
999999999999999999999999999999
999999999999999999999999999999
999999999999999999999999999999
999999999999999999999999999999
999999999999999999999999999999
999999999999999999999999999999
999999999999999999999999999999
999999999999999999999999999999
999999999999999999999999999999
999999999999999999999999999999
999999999999999999999999999999
999999999999999999999999999999
999999999999999999999999999999
999999999999999999999999999999
999999999999999999999999999999
999999999999999999999999999999
999999999999999999999999999999
999999999999999999999999999999
999999999999999999999999999999
999999999999999999999999999999
999999999999999999999999999999
999999999999999999999999999999
999999999999999999999999999999
999999999999999999999999999999
999999999999999999999999999999
30 30
