6359 100
2030 4917
3371 3950
2242 5846
4441 5228
615 5644
3414 4460
2590 4106
329 6107
953 4216
663 1233
3622 5180
107 4331
3483 4835
1896 5417
2275 2365
2972 2977
886 4156
3335 4574
2247 3752
1041 5569
1593 2117
3365 3866
1451 1866
1847 3699
689 4054
2699 2715
1350 2044
1149 2506
1660 2240
32 1470
2192 4888
1153 6085
102 3798
1652 3290
1734 3993
3696 4153
2626 5173
4216 5962
3020 4114
368 2547
3201 3499
280 4284
2652 3502
671 742
705 4039
1385 4319
1494 4428
287 906
145 1074
1058 5788
1220 5337
956 4966
4553 5590
2411 5727
501 4233
650 1942
4130 4799
97 602
367 5973
1650 5905
89 5482
463 2605
1119 4528
679 987
30 2731
850 5471
57 4027
579 2759
1540 3764
3248 3722
4415 5911
2228 5203
2030 3678
1399 2226
1915 4285
4993 5135
3987 5132
4540 6063
2375 4077
1690 2042
3201 4228
1543 3727
913 1488
330 1445
134 1096
1114 3320
4480 6023
400 3523
2407 5800
2150 5787
1370 2019
3219 3910
1588 4936
1790 5001
1115 3121
458 541
538 1431
1128 3383
730 864
883 5569
