10000 100
3630 5620
6441 8233
3824 9571
3968 6948
3303 8244
2357 9177
5692 6587
2688 6838
2637 9992
2170 5285
3053 9251
4000 4482
6714 9523
4330 9212
57 4136
5216 7539
8513 9097
4307 6050
4226 5375
908 6160
2586 7364
4096 8853
4587 6364
4234 8184
396 8886
6259 9358
541 1606
5430 6164
2051 3831
302 5910
1710 7818
443 6151
691 9520
2572 9479
2650 6261
3497 7187
1412 7931
3120 7486
1582 2337
2203 6619
5617 7221
5272 8154
1860 4203
828 7715
9475 9611
7523 8686
1167 9506
1529 8484
546 5817
634 8382
1 1
4 4
9 9
16 16
25 25
36 36
49 49
64 64
81 81
100 100
121 121
144 144
169 169
196 196
225 225
256 256
289 289
324 324
361 361
400 400
441 441
484 484
529 529
576 576
625 625
676 676
729 729
784 784
841 841
900 900
961 961
1024 1024
1089 1089
1156 1156
1225 1225
1296 1296
1369 1369
1444 1444
1521 1521
1600 1600
1681 1681
1764 1764
1849 1849
1936 1936
2025 2025
2116 2116
2209 2209
2304 2304
2401 2401
2500 2500
