9999 100
1 3
2 4
4 8
5 9
9 15
10 16
16 24
17 25
25 35
26 36
36 48
37 49
49 63
50 64
64 80
65 81
81 99
82 100
100 120
101 121
121 143
122 144
144 168
145 169
169 195
170 196
196 224
197 225
225 255
226 256
256 288
257 289
289 323
290 324
324 360
325 361
361 399
362 400
400 440
401 441
441 483
442 484
484 528
485 529
529 575
530 576
576 624
577 625
625 675
626 676
676 728
677 729
729 783
730 784
784 840
785 841
841 899
842 900
900 960
901 961
961 1023
962 1024
1024 1088
1025 1089
1089 1155
1090 1156
1156 1224
1157 1225
1225 1295
1226 1296
1296 1368
1297 1369
1369 1443
1370 1444
1444 1520
1445 1521
1521 1599
1522 1600
1600 1680
1601 1681
1681 1763
1682 1764
1764 1848
1765 1849
1849 1935
1850 1936
1936 2024
1937 2025
2025 2115
2026 2116
2116 2208
2117 2209
2209 2303
2210 2304
2304 2400
2305 2401
2401 2499
2402 2500
2500 2600
2501 2601
