1000000000000000000 100
228885254101799250 337137826070538359
584602665355017960 879625400192254653
348240368841621178 452425467937098135
316090400575783302 379447899136684753
505981634265235247 669357070250912995
269167500159458868 452983799883026145
130858869059874151 593861903254747492
2267476451997401 432495094283949351
36542094877568047 248213593500288719
177211892860376917 893686786420326076
58645918052453714 759732920221041227
57522249797642429 956630229792544816
437314464341199595 464806666834681317
437857098246204330 796224124848812546
185358637385058166 725237333051180746
154947529989172749 179142113478468093
93374952801360435 109826518075202547
151369614729422880 568801776206483359
357712170071260354 782231598583854757
76492153503257317 716811320240030132
522626745300498738 857523704294303774
32471013543117145 213055511724084213
413443710305614241 538131248364580932
98549295492858651 674965067934511819
716777471407385392 734147748622894615
19544780372468405 712362044963541361
643892788018134716 914500904993296940
155272470869987505 811739050374079140
505676046929240940 873587774978465045
621844235748414520 672489503401849466
96454057029730054 612823243792704752
25275597534270543 102422131874168961
473410497586285953 843335927269331473
236299071456780693 537189165509985972
91471735603709002 724273162129018390
778913530671688572 922417340652193068
131144701443246864 484774544169943642
11403197386461462 206875288453446222
132747869636321777 239297604907308992
188140407455283547 873289321702513211
383735297123912910 432743052362479515
136795911341472513 883451873872787146
114706063793417769 294799017973108636
14768177443096280 948790616849320279
561283354121076229 979337759574788364
812141912063981887 813394594328112577
299695015024356447 751836500947045640
118594535586228246 987279803128143803
133540943171016670 729774775287879419
248886910203452390 526575251654322050
147720192381232691 557500923179032674
276074030566085646 584536818733136949
517149766419630666 855516665395530399
153485486115708379 523423633736850871
348658056447093277 492535369976147640
446199293001058925 788981609027466942
99777955690641990 256421393319578440
492548767374072925 972005114690253569
475950279019225989 866277629932269311
87245485098930572 309679207615726453
8449613530695940 723177122506167205
178082431670375318 454489882204664471
218138817521058866 780167405797129996
235756755370935559 888872535436838829
629097434503586867 643907029903889408
415739632987965237 708321100153757846
500814793252592494 629885051983736711
950557220234569391 980619085798199310
444085964580592354 595966261273622800
6131131545203859 728618985700685742
148704854990844423 587375600452531088
575433225485446158 823447742092279758
646048689984573530 955895714728453037
19737928312306591 587350751782465559
562545370996442491 812326202091376402
607052372289720607 670121090967688572
807341435602271832 850868418350255938
463206737987380812 784711465475757533
106094197897051333 985863733034944561
550037733257733909 689632901931603796
174347066273015568 297372186120836279
439719584687421698 559537286095980057
7694425368759289 809666198274277158
665415504068595406 811514376849376267
127207449868796920 390328597018518602
27570911443255820 522181620962229915
264835594357516534 715013083950183621
226563712033829968 881100012080587805
271195603393269093 929579591215456986
172978582460902049 791382553101320652
374848759374944766 936795143782297335
506218952463223962 695661619963670129
48973781862495919 711255967148742161
213098816062745767 924098355017496407
41928980034784968 460715542229267667
535780150633373446 945983494770686496
81843975234502542 493079488810422637
312691544448335346 544887649241218432
115418570576596116 849734850139962147
357716303606628373 691176750102812268
