1000000000000000000 53
999999966000000288 999999966000000288
999999966000000289 999999966000000289
999999966000000290 999999966000000290
999999968000000255 999999968000000255
999999968000000256 999999968000000256
999999968000000257 999999968000000257
999999970000000224 999999970000000224
999999970000000225 999999970000000225
999999970000000226 999999970000000226
999999972000000195 999999972000000195
999999972000000196 999999972000000196
999999972000000197 999999972000000197
999999974000000168 999999974000000168
999999974000000169 999999974000000169
999999974000000170 999999974000000170
999999976000000143 999999976000000143
999999976000000144 999999976000000144
999999976000000145 999999976000000145
999999978000000120 999999978000000120
999999978000000121 999999978000000121
999999978000000122 999999978000000122
999999980000000099 999999980000000099
999999980000000100 999999980000000100
999999980000000101 999999980000000101
999999982000000080 999999982000000080
999999982000000081 999999982000000081
999999982000000082 999999982000000082
999999984000000063 999999984000000063
999999984000000064 999999984000000064
999999984000000065 999999984000000065
999999986000000048 999999986000000048
999999986000000049 999999986000000049
999999986000000050 999999986000000050
999999988000000035 999999988000000035
999999988000000036 999999988000000036
999999988000000037 999999988000000037
999999990000000024 999999990000000024
999999990000000025 999999990000000025
999999990000000026 999999990000000026
999999992000000015 999999992000000015
999999992000000016 999999992000000016
999999992000000017 999999992000000017
999999994000000008 999999994000000008
999999994000000009 999999994000000009
999999994000000010 999999994000000010
999999996000000003 999999996000000003
999999996000000004 999999996000000004
999999996000000005 999999996000000005
999999998000000000 999999998000000000
999999998000000001 999999998000000001
999999998000000002 999999998000000002
999999999999999999 999999999999999999
1000000000000000000 1000000000000000000
