1000000000000000000 100
320759 999999900000002499
534654 999999900000002500
302287 999999902000002400
997534 999999902000002401
329719 999999904000002303
885055 999999904000002304
127731 999999906000002208
57565 999999906000002209
421403 999999908000002115
771165 999999908000002116
667815 999999910000002024
552097 999999910000002025
279066 999999912000001935
518267 999999912000001936
135568 999999914000001848
987598 999999914000001849
220610 999999916000001763
782844 999999916000001764
735930 999999918000001680
62168 999999918000001681
994338 999999920000001599
664414 999999920000001600
75835 999999922000001520
944026 999999922000001521
109205 999999924000001443
188330 999999924000001444
921896 999999926000001368
515154 999999926000001369
942256 999999928000001295
27720 999999928000001296
698889 999999930000001224
785651 999999930000001225
922820 999999932000001155
253388 999999932000001156
329528 999999934000001088
633043 999999934000001089
355156 999999936000001023
539478 999999936000001024
276236 999999938000000960
872838 999999938000000961
406245 999999940000000899
147016 999999940000000900
57798 999999942000000840
496362 999999942000000841
434788 999999944000000783
987334 999999944000000784
766478 999999946000000728
502939 999999946000000729
837020 999999948000000675
147502 999999948000000676
61477 999999950000000624
384865 999999950000000625
913105 999999952000000575
232947 999999952000000576
216149 999999954000000528
494294 999999954000000529
49998 999999956000000483
921878 999999956000000484
814073 999999958000000440
193861 999999958000000441
777488 999999960000000399
873231 999999960000000400
812499 999999962000000360
984467 999999962000000361
373014 999999964000000323
810140 999999964000000324
861851 999999966000000288
408257 999999966000000289
652932 999999968000000255
841933 999999968000000256
496071 999999970000000224
452454 999999970000000225
662866 999999972000000195
133584 999999972000000196
216511 999999974000000168
122040 999999974000000169
4026 999999976000000143
890156 999999976000000144
577080 999999978000000120
861336 999999978000000121
873435 999999980000000099
923361 999999980000000100
313088 999999982000000080
835702 999999982000000081
13202 999999984000000063
262118 999999984000000064
970899 999999986000000048
434095 999999986000000049
385434 999999988000000035
530536 999999988000000036
915463 999999990000000024
605816 999999990000000025
934676 999999992000000015
472165 999999992000000016
207564 999999994000000008
247541 999999994000000009
57911 999999996000000003
882232 999999996000000004
773644 999999998000000000
729039 999999998000000001
