349821377196832613 100
133329067156132062 246641958710863478
94210058809095594 255524809291251774
122498641810157363 124621697616118190
83687543642784082 106316249618186308
325127068436172451 345861871736372893
9447023439048115 207511175438062339
83224588238351038 116266794396933429
50739206263936497 284924113269953684
177963630630043788 341961859662135762
207645185588381573 284057322474758420
49017429163888339 213979177709872508
16995250487254870 138652470876215492
92663935308585621 241049460901563772
18785911417527236 156032639154705320
86343028539446844 329938744481570311
260692546506408612 326377478471552426
51805053742703830 192999584392113969
156318844496624903 185350806320751875
116226668418135650 126288273277331990
228697273348109453 300456961086800112
166518911770124582 303182749240553566
215667146745916666 271848725197481309
7744278493124979 130956077612163217
120444060042109423 139192140047819284
121144045609352978 223182308082429631
130161416013663984 250214309144190752
69115833176808719 262363273952515115
245731757865471611 297662347578302639
170966997694275852 320881472936047961
66209375469050263 114010507948519016
111182728048819561 304640377862145855
225863871923058913 335826433568888424
686380877209174 3481098787224119
75893603362653743 286252019369228443
4438267662414817 322243668013913963
18823452066993018 273444306685001174
67846916934382945 127630851917695738
292095853574682303 310497714848604126
117853427935066275 131935907627074825
72115400364970926 284530845533124995
285599553950511673 285691128413732989
173827487016169354 274502610030543222
44452152015384573 244209821657186866
56202237812279906 223208740975514632
187079637678394635 284820870262914039
133715398614425941 247635147204576065
70623888568237238 73928778703276020
185620989382916172 306213015080557940
192953794659752286 229120912171776205
217937392524409406 331205753907730479
17950662529767515 30172928452305762
105618330705110855 115082606993166776
261497955837288566 289531687640169699
45841935803969269 333923879462217079
94466967717596118 323681134294274135
178941807097535182 286559341242936692
143858024458299341 192241894510857697
8147029757418754 228350941058687156
60093081946062196 294467687873788019
18963615656423517 311358387259743423
138349904215618201 249108106701829091
152748357960843353 334175043915731684
37521306515857631 44775281883633179
197469259693933838 290009342302862105
92034000325901868 291268684102571148
70239484016388337 256762979103343044
115590141935213091 130044403373112932
225180731440586314 252507359647492284
40195533681820325 298919767564834347
5003361924889708 310954371299976938
111602667843748843 347659622679075980
98266972300133279 284389082364585685
98867429805535290 132892875506583211
39875874599765283 128047561052442445
171491149809880766 219220011180735427
101997087623535168 283805339155016762
174718794968605062 327779407537626700
271680971756351194 321544804673470769
64436048039372364 348376429194516292
340761007823696761 347405771744507418
127383513324458973 201183081922415327
75984690058642099 247521770546781496
117455420252175205 297318957626502086
9527240470931000 190439295057645415
3058420661763447 218279555587996694
176886354347607042 323082858989851422
180048830985080422 335652246086377276
49645567153246510 335709067924380771
90617092675733181 143926762416086611
91749091649546519 346499049439572265
38606674753369659 261007498072192711
138490978838784822 311216030544550195
7708573452276768 172137686772913046
20055874951981245 143508305089901574
45163995651548639 196598034462510559
47036962637386852 204948567129440158
119053123612176058 158589657376218514
46608902221980945 223497128779661630
141649258933935115 305772120624232152
221646580307607215 273679753616374269
