1000000000000000000 100
635979133694034001 635979144858796035
416877884152499344 416877893191750760
486542993598742921 486543003364111715
477187716931638001 477187726602666563
190666901730649369 190666907843808399
11011770611016256 11011772080134080
41272122237511396 41272125081687240
151804105188334369 151804110643020899
128795971236981136 128795976261322968
308017470916009089 308017478685914175
229897684324707961 229897691037378575
36328183885813444 36328186554207024
956214368756828164 956214382446898200
834391331821555225 834391344609858563
374784211782288400 374784220353035528
550509841267958016 550509851655447120
106080435933806889 106080440493605775
191450478554695936 191450484680403600
6033971578321449 6033972665822499
294763444611233796 294763452212130840
166995424033341696 166995429754452048
402143348537334756 402143357415403080
906017914212171289 906017927538067599
793925384894358649 793925397368707395
113053049235706129 113053053942976899
593350666505982225 593350677290078463
741740595057225 741740976346083
178273698134539401 178273704045685263
11293796221131076 11293797708942960
918839321085300624 918839334505155624
739527655129211844 739527667168623024
48598553457033616 48598556543344808
686459781867829225 686459793467230863
165088553959784464 165088559648137224
415268180299128601 415268189320911363
199466500836192529 199466507088826755
16889911166138481 16889912985595203
482290164292899600 482290174015495608
361545681166009344 361545689584023024
1039702105225744 1039702556647560
853589563610993881 853589576545581455
48616492311607441 48616495398488195
903016009236687025 903016022540488703
4689452329139776 4689453287853888
405521509741381264 405521518656661224
286830111300431076 286830118798344288
83201112799652961 83201116837897443
2837740736661601 2837741482447935
193692284274780736 193692290436248768
58127689633341409 58127693008697315
565254468812764901 565254473323769329
226547735049555482 226547737905377344
581013641002130065 581013645575585121
309228050427369530 309228053763866176
294360660924621317 294360664179922201
601102744513201922 601102749165050896
544171406183265026 544171410609343504
225847823336967050 225847826188374016
16580357237149697 16580358009738121
381166502796543557 381166506500864569
408614045561689082 408614049397064644
259952857256141285 259952860315275625
54472335860106650 54472337260465216
115128210793863290 115128212829696196
21534003456217345 21534004336685481
723150955858043242 723150960960340224
2459152528764650 2459152826303716
187358623857131777 187358626454228329
128838166961434922 128838169115076964
794852264138765626 794852269488034884
297285853916783170 297285857188218756
668064334406304677 668064339310416841
87064579929323930 87064581699726400
101288703241535045 101288705151088225
318922916279551237 318922919667946881
364331341146598282 364331344768190244
29106173847459857 29106174871091761
539941915094760001 539941919503604409
126895457669388770 126895459806732100
142435815695263205 142435817959703401
41025059951580722 41025061166859364
61514020104080402 61514021592201616
990579033789856901 990579039761527129
132785906776776037 132785908963164081
3737730812616257 3737731179438169
111260022081390626 111260024082730384
313194593666995570 313194597024823056
12782566313440145 12782566991800225
551232281661235345 551232286115936481
841587686328621457 841587691832906769
542287867311096677 542287871729508529
502151624213483777 502151628465243241
360022314856517 360022428702049
768066595728563570 768066600986928100
286639121376401 286639222958929
485482691532174401 485482695712769689
586388850839775482 586388855434337344
693445570004166850 693445575000569616
554494183356770245 554494187824632225
89288678277900545 89288680070773225
