1000000000000 52
741464977023 780810938195
713534710492 943540813023
587117280158 889310543525
425794106438 449892823869
577005910291 923815055321
334264370799 857416255072
610626496932 832673360903
879910337183 920459509354
218631622741 350095033737
452769669377 692034345702
468610856534 878235406116
861288466605 961124284642
769007939424 778596841471
600622347016 873057082808
17158308670 338695417671
325640543032 777502089797
100271863413 626482540279
669511786034 794658940064
277831098855 418891536547
40252544731 940714437745
16922088561 215041414579
44556639691 624886540184
46146402119 918891967763
599845827845 686715266597
352331130211 393426641417
29209158278 165728501311
434274828257 638005476575
535752457292 880395918117
8259980041 206874724966
519930992171 785438385281
598615915615 865557822808
263635270609 756147425055
368403681520 944623646604
28470274367 631831703833
538572462205 555947186364
415142641206 482817997907
697020852111 953879878205
246149842170 841634700499
326270646203 796453206820
577121921106 884772353378
38934413847 755628399719
515348987238 849501776185
65125647791 594914738195
438155005364 668720104733
208142648924 362221213788
208367938311 332378909850
591100002641 917637735662
428968690732 960420893021
408514163107 474854112554
459315117585 840339335328
1 1000000000000
1000000000000 1000000000000
