10000
917
290
201
796
116
550
114
342
772
893
878
562
299
694
939
655
291
703
347
494
63
560
564
146
157
42
291
889
836
820
176
987
498
757
938
601
249
169
187
889
148
541
222
888
799
145
804
972
647
849
817
709
438
15
730
206
537
337
623
253
997
802
910
656
732
283
613
912
238
259
859
420
879
378
563
882
196
488
688
714
350
189
894
771
609
975
983
628
412
866
759
586
693
736
766
455
970
318
192
955
536
665
139
947
630
340
521
263
567
552
651
606
176
59
673
82
428
617
272
26
36
138
972
50
979
974
922
525
297
426
995
705
384
281
828
947
302
383
969
426
175
703
63
522
198
122
619
70
334
682
916
839
12
826
292
855
565
699
349
520
795
542
188
273
446
553
987
607
553
510
728
915
667
805
182
314
533
914
513
341
477
523
943
107
143
696
647
61
906
158
973
893
104
942
956
536
244
817
934
502
548
35
915
145
93
625
860
814
405
499
255
959
761
938
197
28
445
92
915
684
460
965
813
595
90
779
592
619
532
665
197
81
853
859
317
842
177
875
856
990
909
748
587
124
26
591
330
11
396
758
95
970
790
235
826
119
240
840
353
929
348
247
260
843
186
752
631
86
328
621
378
997
481
374
441
10
941
11
180
651
489
986
992
195
798
676
897
536
977
479
741
664
231
420
388
344
197
464
311
763
574
623
6
294
400
355
837
84
293
862
226
453
857
143
388
959
855
631
392
843
491
416
898
239
343
233
621
654
212
977
316
301
803
498
234
496
402
617
864
835
458
645
8
143
700
72
463
273
940
734
842
126
792
315
75
881
756
245
791
977
837
614
712
556
808
338
869
847
15
618
266
602
303
555
972
312
572
120
668
685
2
467
15
465
372
814
806
341
802
660
521
51
335
587
624
288
962
909
324
494
702
270
72
545
513
987
228
644
274
562
691
779
169
929
825
532
345
581
354
586
917
775
645
888
871
577
458
514
539
242
37
793
481
966
387
762
827
228
449
268
565
901
541
145
652
577
791
139
573
307
120
604
818
392
506
343
867
31
320
708
562
34
181
890
210
113
244
896
585
74
56
175
918
697
600
909
608
155
433
357
975
7
664
641
239
624
401
48
123
915
545
415
23
764
274
752
653
35
399
754
303
692
707
308
294
535
78
692
735
311
734
260
170
839
137
699
920
364
583
895
8
47
164
147
824
844
47
23
163
973
797
581
450
161
166
800
152
24
1
280
95
293
525
372
825
9
768
613
219
844
592
171
748
785
587
802
681
117
104
754
663
371
761
984
446
92
698
951
793
476
54
964
668
829
46
457
301
528
554
260
92
610
840
739
55
191
420
750
58
734
113
878
896
499
180
170
871
910
355
992
793
655
852
888
733
710
298
929
440
979
940
341
90
496
669
600
543
878
40
88
165
514
889
591
589
338
984
322
418
690
338
997
709
840
341
982
483
888
518
21
769
281
195
864
179
28
286
651
216
404
19
11
305
211
396
124
600
863
503
105
519
639
673
895
337
680
487
457
711
519
600
242
535
59
721
721
328
57
951
409
447
720
343
299
594
688
567
342
977
915
154
210
759
709
265
110
31
672
515
212
583
516
204
346
955
534
840
853
12
179
238
454
569
985
871
443
1000
941
488
332
547
168
369
236
728
669
170
501
299
491
952
864
77
175
113
574
88
314
130
86
829
365
544
200
905
748
176
836
618
853
870
773
606
710
37
794
971
610
8
195
912
303
954
583
76
546
225
195
367
918
875
563
91
579
113
660
314
273
480
257
326
896
198
679
510
438
69
780
215
931
126
484
871
918
601
590
57
291
630
690
439
305
504
370
590
809
178
635
68
716
742
956
177
0
47
949
815
752
325
288
937
134
442
125
502
596
697
819
585
340
141
689
501
632
166
712
519
881
46
900
866
312
792
407
53
915
247
824
380
907
663
138
256
279
767
222
976
891
425
303
267
636
241
999
695
784
388
498
474
912
486
897
175
363
790
861
723
339
105
412
776
388
75
556
766
919
110
324
740
879
175
938
818
588
133
948
135
335
27
450
623
557
27
788
0
191
705
744
633
790
710
248
407
381
322
615
821
734
177
903
579
847
517
837
995
73
333
891
803
364
130
759
274
386
841
38
131
59
335
363
793
760
505
519
366
749
877
542
802
79
516
796
717
504
775
667
681
361
628
530
578
225
899
970
549
894
718
763
487
4
753
116
620
400
144
157
859
118
307
465
113
372
141
619
327
605
526
740
580
253
448
195
111
695
786
114
95
150
845
883
182
154
323
868
137
644
940
491
549
502
410
956
704
824
623
246
660
967
790
809
772
967
835
527
39
121
16
465
781
850
995
300
569
292
531
395
887
453
536
464
419
956
882
111
410
36
431
347
766
202
953
521
801
728
190
982
632
885
50
108
599
73
613
2
315
328
707
402
175
182
562
768
606
19
212
652
278
366
980
949
473
464
783
286
842
81
827
40
958
284
953
18
17
993
184
663
63
646
958
247
769
410
732
967
239
155
361
204
964
656
206
216
572
736
226
902
569
159
228
49
802
534
76
291
24
344
841
485
462
342
344
613
905
684
587
109
799
409
510
585
218
584
280
489
510
270
995
982
99
284
190
763
152
244
709
510
356
306
915
238
479
757
703
428
873
696
552
92
390
769
62
118
658
745
834
37
756
106
247
289
481
950
486
345
12
479
27
400
275
82
861
410
855
359
839
686
400
174
791
225
646
411
112
118
471
456
776
588
980
310
40
739
981
765
104
680
872
966
160
315
800
834
204
646
707
829
348
708
294
536
800
681
616
110
677
805
57
563
348
409
870
863
138
102
108
370
235
257
584
520
701
902
771
569
688
272
604
541
694
352
201
184
24
461
113
304
151
133
110
722
763
1
107
930
17
841
193
797
694
110
87
503
221
167
438
718
565
221
536
885
993
11
292
347
310
553
224
817
659
867
57
316
672
737
856
78
124
690
73
897
591
462
907
972
259
437
725
496
37
339
585
443
668
467
624
952
860
555
242
572
830
243
610
257
903
778
881
780
595
770
511
637
173
885
429
761
617
873
19
682
521
123
454
915
182
931
2
214
576
112
199
714
339
113
781
558
704
360
307
236
290
204
516
22
385
936
315
999
170
876
915
526
891
353
482
244
653
29
263
818
900
325
768
884
59
419
59
578
802
686
374
797
617
466
130
460
522
857
728
580
128
377
559
926
878
313
971
507
4
678
906
987
273
109
470
771
63
535
475
232
838
248
10
326
250
178
397
297
668
794
76
6
54
649
907
907
327
33
448
959
18
846
202
655
66
168
274
338
329
816
520
568
36
267
11
256
481
235
104
485
904
775
289
653
358
814
407
59
9
167
700
401
247
476
124
805
819
302
568
517
694
834
400
998
462
989
640
395
967
831
657
264
961
324
545
916
522
819
605
89
562
690
27
656
957
36
945
863
260
462
705
772
447
390
509
477
816
315
518
108
628
530
636
455
846
713
412
425
984
952
118
746
620
970
660
942
92
585
58
261
985
8
74
966
389
115
118
931
440
368
154
925
197
806
302
119
362
677
756
807
699
652
517
251
358
599
327
366
520
612
245
580
407
157
137
668
846
858
299
801
552
560
384
319
161
200
992
671
249
421
816
696
579
130
655
383
672
567
577
380
311
893
693
589
607
788
324
881
457
364
629
877
312
660
787
590
89
409
376
179
300
313
672
370
13
435
631
941
186
622
437
959
418
939
961
852
603
905
594
517
178
513
159
306
8
214
1000
714
838
705
990
767
737
424
997
154
349
39
719
340
191
297
576
201
46
314
958
848
601
865
741
23
169
506
253
628
771
359
885
476
155
920
238
587
215
964
742
165
122
857
672
656
807
60
234
365
330
206
511
393
804
384
588
825
840
121
807
449
872
156
243
471
394
340
880
86
219
141
456
842
120
820
191
557
476
392
229
54
774
34
578
174
4
497
913
181
775
867
827
105
462
921
309
403
47
499
299
647
886
14
193
951
928
440
607
20
554
466
829
658
929
432
109
821
399
712
922
455
842
605
865
826
66
15
275
998
468
153
553
360
761
768
665
104
323
664
293
265
374
831
578
411
29
784
833
806
1
911
938
688
697
643
317
177
443
583
311
182
815
601
892
987
803
55
638
782
415
666
106
462
173
727
108
211
812
204
938
572
873
570
249
569
663
326
214
903
746
866
554
691
842
898
973
406
884
662
310
340
716
562
563
519
795
692
285
589
234
365
672
938
826
143
630
146
324
413
505
930
731
163
516
513
972
233
371
691
567
524
407
752
488
502
538
500
133
541
529
737
935
676
870
59
54
810
230
949
77
57
330
661
16
507
675
106
846
112
636
901
801
271
968
454
329
40
173
544
538
541
602
608
599
934
508
136
347
77
518
579
761
193
593
74
41
480
687
618
892
94
58
78
815
474
422
449
996
381
257
72
592
993
813
796
743
652
447
25
48
710
162
62
608
910
297
468
643
667
466
316
499
200
68
418
619
338
666
857
332
565
291
545
842
783
911
682
283
539
571
575
388
733
973
714
229
557
603
974
591
237
313
467
957
174
675
946
969
543
555
901
527
837
590
793
204
113
95
658
769
292
718
494
524
643
64
460
367
233
859
11
719
419
780
888
897
666
291
41
449
675
479
76
638
415
899
521
37
869
461
528
64
689
0
759
207
34
602
681
798
678
342
767
544
119
101
727
679
363
460
568
965
103
620
430
678
849
252
814
882
434
221
646
539
982
749
141
202
46
680
842
683
4
87
561
138
734
579
22
548
443
746
254
552
384
485
927
205
882
301
864
970
938
49
89
727
127
805
370
945
300
450
526
911
867
59
660
753
712
116
286
271
542
795
546
78
144
827
778
407
709
376
960
94
158
187
962
814
213
92
275
491
252
543
978
380
201
229
533
94
956
275
620
238
473
984
253
592
309
847
828
708
520
479
70
306
115
851
14
1
218
522
29
0
661
121
536
562
673
595
18
331
991
275
447
459
156
366
752
201
699
537
807
937
773
13
255
273
19
332
829
763
623
383
530
435
244
244
195
57
87
419
371
893
945
315
282
921
591
246
887
115
568
875
114
21
605
818
749
40
184
378
574
400
182
35
833
547
584
745
571
237
937
874
901
357
976
844
354
26
214
641
87
887
72
452
98
925
371
111
692
129
763
120
328
130
416
842
382
735
654
919
575
238
506
711
621
561
300
964
124
384
778
992
684
632
411
238
832
218
507
15
691
624
896
214
81
55
396
35
989
218
530
269
976
592
874
163
237
144
457
13
36
511
321
162
615
103
616
788
37
590
167
970
791
626
236
341
270
819
673
952
824
252
787
200
761
242
585
167
152
66
948
622
113
38
917
149
62
782
118
429
291
418
923
287
534
374
421
31
951
499
75
828
961
404
987
730
575
96
79
380
491
690
376
825
28
243
988
105
843
319
186
536
764
887
371
886
560
768
734
437
191
4
174
489
90
812
655
369
463
582
303
510
598
808
623
930
130
126
145
203
84
452
726
821
292
280
997
691
658
495
174
488
539
981
605
610
288
352
772
396
233
0
923
930
686
34
737
577
593
799
347
905
593
518
852
859
7
148
292
581
22
310
355
691
883
685
896
803
597
481
741
763
398
451
370
411
813
787
102
668
990
924
264
675
790
750
447
799
286
61
47
282
514
717
635
418
815
991
559
410
633
315
763
597
795
903
324
72
810
784
551
802
7
319
799
309
804
0
397
3
870
566
527
321
744
471
668
403
961
257
893
247
171
954
846
405
830
762
272
372
55
933
97
818
107
630
976
991
256
238
714
900
820
64
48
229
945
619
400
189
864
330
306
592
415
674
588
819
600
645
424
980
567
123
93
677
521
877
645
627
65
739
316
906
829
828
457
521
155
623
579
424
959
107
824
771
340
284
438
297
879
829
18
650
30
268
258
710
886
706
969
784
743
545
571
813
42
890
331
540
429
839
560
996
939
748
869
898
67
579
817
649
29
955
215
221
49
868
959
833
86
68
173
762
426
11
458
629
257
220
829
603
431
564
125
457
951
372
454
858
784
360
436
72
60
453
846
765
841
16
498
917
846
866
779
955
498
858
970
933
79
871
307
797
904
812
909
582
899
586
634
467
315
702
509
542
727
327
989
997
373
63
3
993
411
210
157
933
423
721
584
490
253
358
613
44
380
543
165
171
308
229
172
197
234
908
249
115
606
887
550
687
621
353
464
916
13
66
561
151
318
321
932
342
993
626
837
898
441
639
510
717
503
761
576
142
273
604
423
263
424
633
268
975
365
475
843
522
337
555
213
755
136
68
349
332
636
959
981
887
60
904
530
877
306
280
314
69
746
862
767
152
828
422
870
475
567
615
945
318
434
904
411
725
783
623
954
111
110
137
672
318
290
351
204
469
760
978
459
648
72
667
488
918
109
791
571
204
273
584
746
257
441
830
143
561
268
139
625
203
58
375
522
157
394
110
484
415
696
983
362
667
284
621
691
18
991
21
475
103
294
98
841
280
339
685
907
847
499
769
665
328
731
936
89
886
749
622
286
420
522
414
566
745
310
204
289
806
119
76
106
191
679
151
341
839
794
445
654
334
325
929
286
592
149
339
867
369
691
5
298
555
72
314
370
983
298
62
352
783
281
541
39
477
338
222
446
990
268
145
154
90
975
86
664
929
365
802
868
511
838
786
207
663
16
509
805
486
418
758
569
39
804
216
77
192
853
882
328
691
881
47
466
993
316
738
677
235
720
514
59
39
914
108
79
857
917
537
906
775
690
104
27
885
688
86
688
265
748
393
425
380
859
518
778
609
49
834
997
625
610
57
55
496
495
745
444
556
720
538
736
61
160
73
233
501
3
981
510
905
624
838
149
9
318
669
460
377
239
191
485
967
461
82
246
679
102
995
179
319
260
70
757
854
361
830
539
394
183
139
797
474
317
89
160
28
19
463
901
345
839
103
693
452
869
258
917
823
923
706
424
326
35
487
719
554
720
225
579
195
990
698
128
376
723
202
964
247
860
376
21
909
904
183
59
460
993
521
90
582
891
730
200
812
661
678
376
139
465
85
872
309
561
279
129
410
955
972
445
412
358
104
450
577
14
354
190
486
923
593
644
752
189
979
132
78
146
246
848
888
254
831
258
543
285
253
358
825
817
733
725
243
204
969
447
636
898
461
898
345
274
451
248
906
188
387
272
283
178
691
160
597
827
1
914
990
480
575
764
446
409
635
229
336
689
203
69
121
703
126
435
823
105
420
700
839
608
205
29
677
775
190
385
19
58
313
637
655
700
588
162
363
102
149
492
955
111
819
40
658
889
386
392
488
768
801
210
312
529
258
150
505
601
832
680
124
641
922
178
778
355
336
828
935
974
89
305
202
132
939
133
91
529
726
990
849
570
413
573
717
984
468
964
313
587
658
142
836
85
35
475
65
297
813
666
79
52
664
749
732
742
940
64
134
739
510
967
33
852
167
642
634
241
563
968
446
813
970
967
514
845
34
141
721
315
828
311
737
667
97
431
985
820
864
931
160
762
13
175
375
119
382
949
249
151
634
997
412
639
872
225
557
958
676
961
615
426
467
228
704
895
918
112
443
737
0
380
948
421
483
173
63
373
357
903
435
20
927
250
173
96
857
411
730
328
402
751
61
102
597
178
64
41
141
428
742
876
847
822
715
619
65
680
528
639
705
753
221
961
883
832
951
320
601
20
358
188
734
80
392
540
564
124
134
658
538
754
33
86
237
954
691
769
745
802
591
956
874
339
293
28
29
509
29
623
1
567
3
786
30
824
741
961
682
530
995
425
942
544
406
424
542
734
139
451
568
29
719
593
503
903
589
247
534
408
132
954
957
459
939
120
474
622
271
951
434
971
799
403
460
101
398
55
878
813
727
494
342
803
699
886
11
150
438
628
938
326
825
905
275
726
284
262
667
550
764
693
811
32
180
139
451
328
160
134
633
138
785
323
435
24
777
207
663
531
172
106
998
633
617
301
975
739
500
866
832
534
323
759
933
872
242
92
361
953
38
904
547
635
434
951
347
371
745
964
184
14
38
246
156
215
194
521
397
644
646
992
553
930
68
799
277
623
107
785
369
545
361
857
799
169
730
532
850
971
436
575
895
878
488
173
791
820
664
747
540
230
129
588
216
585
75
768
657
918
503
530
158
628
639
66
529
8
415
142
7
42
115
27
700
85
780
57
988
566
136
699
297
681
11
573
716
146
136
482
469
98
248
722
874
430
468
564
115
698
957
15
610
878
240
870
205
457
149
969
423
601
962
546
872
362
89
108
574
943
753
876
675
964
815
948
806
5
373
743
740
107
136
197
825
461
544
930
297
203
721
44
591
9
216
887
930
189
370
891
315
447
150
390
397
484
890
126
387
560
194
237
60
329
818
543
911
48
599
865
79
99
504
956
376
170
818
122
985
822
983
278
529
624
942
491
396
286
821
208
945
181
830
151
754
663
501
521
478
343
834
906
915
343
517
27
338
735
50
819
749
846
142
775
312
931
346
930
136
668
249
974
315
694
891
248
191
908
169
451
966
690
927
174
269
40
831
937
843
631
11
352
644
800
62
488
802
553
426
379
795
89
759
324
506
646
875
229
657
946
774
264
219
170
415
908
313
184
631
684
942
717
386
617
990
777
720
221
163
505
97
998
776
892
126
896
341
699
428
605
836
56
357
418
703
344
457
491
131
533
295
344
948
632
224
454
771
989
18
331
754
500
151
705
672
109
307
306
795
214
885
34
452
63
623
211
86
367
320
899
852
73
524
944
120
103
757
918
814
428
298
630
557
360
581
634
481
694
365
666
633
215
686
91
828
977
182
507
466
298
535
95
41
368
885
429
773
61
48
102
641
49
496
509
320
931
344
564
500
877
183
559
744
670
865
749
847
950
854
723
844
844
440
794
515
260
191
813
689
949
961
200
818
100
496
460
983
541
663
264
271
242
456
289
942
647
637
605
524
53
967
886
66
422
866
948
75
548
354
849
53
777
238
762
893
543
49
805
586
26
423
866
290
557
542
327
771
430
193
719
41
252
458
201
326
597
33
775
795
450
15
499
2
535
163
445
450
666
335
14
139
691
608
106
210
654
496
492
702
561
658
874
165
434
990
645
365
184
349
220
987
803
786
430
344
928
679
907
260
920
314
754
344
470
550
601
294
772
726
692
753
170
808
998
884
911
564
334
340
853
304
231
721
783
621
52
512
765
986
439
940
755
258
113
719
201
335
798
236
281
70
396
122
24
787
663
692
914
912
934
626
383
427
425
362
375
293
227
604
90
440
239
270
713
781
323
34
571
105
442
464
430
413
527
717
436
924
851
623
344
304
668
977
207
827
375
408
962
442
167
113
561
362
430
151
534
82
206
613
279
577
889
165
50
572
959
13
893
586
850
265
59
494
229
914
477
805
609
416
781
114
425
558
72
27
215
609
247
836
983
351
451
899
969
101
539
911
241
568
882
926
663
253
878
561
621
708
117
406
158
209
630
69
412
581
453
121
170
303
344
289
422
51
93
793
892
781
782
237
526
533
724
711
923
907
360
390
440
910
898
121
813
249
318
820
236
373
296
433
675
758
13
577
85
463
657
598
158
980
727
800
70
167
833
726
903
398
575
80
809
610
611
998
322
306
784
755
826
16
339
745
1
3
208
528
122
679
121
986
320
210
795
826
487
982
891
700
265
65
820
652
623
740
626
669
390
260
695
564
539
219
788
331
666
922
452
231
903
496
61
357
230
712
613
477
641
605
629
245
294
131
232
989
230
621
959
991
276
1000
598
118
996
737
617
870
316
526
333
765
163
86
405
702
433
799
120
948
902
59
934
419
629
760
844
268
971
295
615
848
366
149
910
398
430
288
355
113
681
321
784
949
987
657
873
691
705
681
556
820
193
559
954
198
313
350
108
477
795
573
436
332
857
45
610
456
903
914
175
906
518
667
817
880
980
3
268
108
558
787
490
375
206
357
221
822
362
341
123
444
901
387
460
188
861
65
952
998
551
694
625
495
279
765
200
277
481
899
216
459
347
897
72
820
954
999
667
15
66
454
113
872
4
494
16
882
564
988
118
207
635
809
906
901
860
637
986
543
552
29
792
230
141
886
332
188
448
31
737
8
799
416
732
174
123
360
232
842
992
542
39
730
532
263
769
296
147
902
656
659
937
66
497
569
905
884
912
345
340
391
879
168
966
444
509
987
104
385
952
808
113
89
963
825
45
827
520
873
227
269
614
744
117
897
177
251
897
516
818
120
502
612
149
175
25
22
873
425
836
663
682
426
778
527
318
388
849
865
228
94
604
332
186
686
121
890
721
944
991
334
295
219
597
33
73
978
36
199
397
698
481
691
382
635
553
727
843
980
465
762
745
598
96
669
970
129
523
77
924
948
589
43
884
252
321
281
950
302
763
318
907
970
976
731
641
808
272
999
374
490
169
778
797
917
793
965
80
156
420
779
141
785
71
583
727
315
542
954
355
204
274
936
917
951
835
99
666
745
865
188
638
468
255
426
262
871
415
240
813
445
286
505
847
795
724
242
455
304
598
202
64
719
850
746
37
219
391
895
720
849
912
3
208
833
273
594
490
818
973
585
865
956
964
478
710
848
132
87
528
591
192
740
512
393
407
731
963
671
27
302
382
559
979
403
937
437
878
522
1
277
712
279
996
399
146
589
156
145
341
737
447
787
557
528
171
505
330
301
49
744
247
996
732
145
714
414
75
789
912
187
767
86
377
310
746
339
954
777
346
345
428
142
409
157
813
842
70
352
122
195
864
341
94
575
898
869
927
818
716
410
779
209
827
78
604
240
697
589
167
157
967
249
697
390
874
309
18
21
480
268
182
175
980
700
537
991
865
291
529
357
933
771
835
835
688
332
214
742
11
255
729
715
115
225
533
978
410
869
415
391
830
898
40
715
881
574
867
243
498
588
114
604
422
439
516
958
539
758
233
61
49
614
65
202
768
421
320
802
18
606
449
485
810
907
514
524
296
348
638
864
412
93
649
156
838
691
764
410
498
904
448
782
237
917
590
643
755
220
506
877
267
294
817
219
242
602
872
511
168
404
546
808
320
127
930
775
454
685
394
227
333
39
622
105
216
927
124
506
443
835
184
207
848
244
963
193
826
96
567
581
790
20
819
562
540
486
328
824
327
790
818
286
455
656
421
68
571
546
309
893
288
121
367
208
924
222
140
767
818
374
571
695
200
672
927
604
101
280
107
337
480
69
830
207
52
341
21
440
514
83
783
321
39
261
565
754
670
282
957
957
906
768
741
351
554
271
748
391
389
659
351
133
96
37
2
923
39
930
545
899
91
125
11
576
204
915
236
631
891
734
831
90
28
776
990
602
437
342
715
449
35
158
175
75
939
890
425
184
178
957
326
585
521
459
860
1000
747
515
138
642
292
998
198
208
503
441
781
322
136
30
166
462
940
542
159
792
309
275
43
362
219
671
887
142
97
741
435
451
257
580
227
858
94
349
266
535
899
592
387
54
129
825
207
351
126
525
970
686
476
544
678
17
451
975
101
853
88
699
527
575
657
692
191
234
44
374
954
780
712
558
282
178
861
858
59
614
855
941
638
43
177
873
611
342
460
428
623
477
7
586
746
336
342
689
843
196
44
427
173
24
476
427
873
688
430
798
613
17
838
892
524
589
606
68
296
467
153
428
50
304
406
314
331
779
37
452
110
430
934
863
829
962
404
499
331
554
715
164
438
764
72
107
31
820
49
579
808
521
90
720
989
620
602
937
92
580
329
382
405
27
315
175
642
992
656
807
495
589
271
3
575
681
209
536
873
293
206
350
691
824
268
483
321
69
847
306
236
436
46
420
719
12
67
285
68
648
198
232
338
743
351
956
336
714
281
733
625
921
780
123
511
257
992
21
307
338
874
316
879
730
163
732
671
503
851
872
38
480
55
326
331
555
272
604
314
402
464
989
756
895
812
378
709
222
477
46
477
255
733
537
544
952
707
313
721
443
884
943
798
363
555
653
994
341
670
412
456
601
573
391
261
343
320
544
740
142
541
201
709
790
318
360
457
944
396
849
59
798
138
567
156
873
420
672
183
810
622
167
112
816
204
651
780
591
734
185
875
261
559
51
863
201
638
537
289
98
157
335
600
403
547
764
362
321
722
564
28
378
643
736
321
792
881
74
118
372
211
454
663
394
179
153
375
135
583
727
542
991
378
380
997
707
222
194
580
666
992
317
215
965
873
781
581
246
542
849
608
501
616
667
861
529
19
581
387
267
107
383
994
523
419
867
853
451
624
28
298
771
775
270
103
471
945
420
786
6
142
334
404
19
181
174
441
329
128
890
657
237
466
5
806
186
207
902
183
758
470
719
431
338
976
936
826
774
455
487
578
709
365
527
97
147
200
436
208
394
465
340
554
198
176
592
965
470
363
0
159
206
181
436
569
714
464
927
731
123
478
59
937
209
926
14
692
375
367
424
725
208
649
405
568
207
887
299
963
22
326
262
760
147
705
21
180
915
506
303
813
460
583
681
604
411
12
262
805
380
931
208
406
691
843
393
796
335
389
698
638
814
748
567
915
163
776
5
239
481
530
193
904
49
58
746
939
228
341
38
687
644
778
720
159
175
241
666
43
234
349
313
950
30
74
55
604
60
928
185
341
981
157
788
970
982
800
330
926
311
280
443
566
660
825
491
938
467
463
983
642
677
495
480
925
726
430
721
123
781
909
442
49
55
652
794
610
547
871
360
84
760
659
239
508
969
319
928
878
928
669
475
257
177
114
882
431
785
455
323
136
694
452
451
204
109
170
505
245
475
94
707
553
183
484
511
673
839
56
664
787
63
405
567
907
15
872
159
152
999
588
136
731
191
255
845
513
795
295
531
775
8
312
890
116
989
344
743
165
764
730
321
556
37
124
561
871
803
217
601
715
491
886
497
395
886
204
21
887
122
61
560
199
539
309
944
190
465
185
317
294
269
910
110
746
266
759
895
75
371
157
702
376
280
937
263
668
498
966
267
914
669
541
776
78
75
851
187
153
254
769
221
910
53
989
855
267
476
804
264
328
125
573
149
932
300
858
745
414
168
308
697
556
83
458
204
680
630
150
456
325
322
265
408
853
467
733
557
646
177
637
407
568
779
780
390
382
776
143
858
43
411
200
439
427
992
808
545
0
781
764
199
121
629
112
253
555
198
352
961
411
175
298
217
502
285
338
404
795
327
373
643
470
493
210
645
495
767
642
312
25
982
259
447
934
643
959
676
576
98
150
349
27
534
181
850
399
511
475
853
134
734
519
600
548
11
386
256
599
396
884
824
180
343
837
363
610
122
337
608
610
71
941
837
787
777
908
326
243
93
763
69
989
855
124
505
426
59
717
959
99
545
765
500
326
602
480
915
269
994
506
330
503
291
749
358
970
405
750
427
951
69
393
867
448
370
798
86
678
169
869
820
48
732
743
836
804
223
940
931
821
686
985
380
82
349
601
913
368
456
410
589
473
611
122
975
17
389
504
530
86
798
416
178
123
1
487
819
60
592
914
841
128
1
186
185
230
660
744
24
428
731
819
280
780
959
150
955
814
431
791
600
366
663
298
990
367
330
885
733
3
567
356
125
501
621
496
894
903
641
410
776
870
777
965
223
33
507
254
439
321
418
397
725
175
671
283
368
695
621
841
426
799
722
122
232
826
979
327
666
78
858
395
19
298
774
501
793
847
359
280
0
958
783
965
310
547
103
631
587
629
362
927
107
916
714
32
806
75
177
587
425
86
697
794
620
77
342
539
393
678
735
628
500
157
657
369
193
903
502
46
756
216
687
570
112
629
452
759
396
808
332
171
38
467
709
880
198
513
410
673
737
585
356
16
957
683
9
763
126
645
586
924
77
328
64
833
838
490
405
269
101
274
858
678
246
489
121
458
358
195
381
843
462
558
598
253
762
280
899
846
528
734
216
272
158
764
685
292
716
599
853
444
440
211
582
77
827
74
233
512
379
790
449
612
376
812
927
103
247
17
568
155
554
697
973
379
324
816
803
258
740
751
596
447
576
338
525
681
774
900
94
372
598
737
220
563
12
20
352
662
699
745
618
833
12
377
385
426
395
709
701
497
599
203
335
862
413
974
400
948
902
846
124
278
69
4
409
41
896
47
1
22
558
567
65
846
592
563
793
726
738
275
443
437
296
382
219
842
333
348
255
102
251
172
973
409
827
398
929
117
634
386
555
322
782
12
121
368
539
176
268
626
227
647
167
549
682
790
656
988
432
572
399
405
118
721
425
484
866
340
548
32
846
544
778
550
54
680
301
535
76
27
113
433
586
584
634
467
106
44
779
975
951
408
821
460
772
950
106
88
187
392
707
914
152
198
458
400
693
129
877
32
328
118
575
361
609
670
891
407
869
948
252
564
726
573
899
227
555
768
961
59
875
134
503
206
999
70
45
130
653
953
747
139
3
201
882
497
880
550
121
304
846
171
935
903
910
197
138
754
358
504
214
82
435
838
148
563
162
750
289
500
218
866
32
767
823
586
451
523
979
26
437
126
724
934
567
505
136
279
61
109
815
541
146
286
815
481
596
356
782
142
160
746
201
55
616
513
54
290
804
992
675
825
732
942
349
836
332
408
317
101
482
208
706
468
822
447
246
529
149
174
42
950
805
572
434
582
272
226
368
434
987
57
959
536
736
539
537
255
17
987
174
54
956
487
653
629
449
461
611
754
570
800
877
976
2
116
505
978
967
553
235
53
525
126
171
983
77
131
115
448
692
943
559
208
292
558
508
563
781
237
883
174
504
288
506
227
945
460
706
578
384
925
371
898
914
833
84
431
193
68
706
596
91
488
451
336
553
924
917
803
546
384
486
897
740
417
167
10
882
742
893
657
167
683
167
396
578
329
499
53
524
86
591
884
485
541
963
703
926
81
273
356
272
182
996
918
530
37
268
38
409
432
728
118
772
866
234
692
295
562
313
113
267
2
538
666
499
868
10
388
337
122
486
536
143
556
235
682
190
228
704
446
471
489
278
110
456
402
921
588
448
227
118
755
841
395
708
596
907
503
713
297
327
402
275
384
552
30
470
478
80
744
932
563
370
424
605
225
901
732
29
522
479
95
206
903
822
57
6
541
515
26
806
678
641
653
125
940
857
197
837
240
780
588
76
828
613
627
264
730
78
213
672
338
519
795
971
302
363
948
804
706
139
700
129
6
314
747
688
86
296
639
737
602
800
857
181
852
1000
747
917
716
768
209
79
968
209
808
191
77
493
321
347
287
630
382
943
3
344
227
186
781
506
235
23
850
977
403
598
987
773
515
444
397
914
879
212
852
485
475
960
249
79
921
100
178
600
560
267
220
593
391
314
804
685
819
959
624
595
383
82
324
487
25
606
609
572
909
266
752
277
281
765
514
118
28
518
668
208
805
301
395
453
63
1
50
510
268
304
80
550
904
180
246
236
13
239
919
891
751
871
152
330
433
276
967
509
926
426
324
57
849
359
429
277
961
696
369
383
63
532
259
717
81
55
865
304
947
697
982
364
744
762
514
841
310
29
251
12
689
358
882
250
162
335
238
67
993
973
211
750
448
839
904
328
405
389
435
835
313
232
328
387
916
889
949
728
600
163
941
894
588
407
526
83
931
746
641
956
278
521
785
32
695
121
934
407
198
971
466
967
513
185
717
884
23
85
188
301
978
530
613
604
674
80
26
550
481
694
684
301
227
218
323
628
129
594
647
290
173
907
432
439
220
414
232
186
697
296
527
738
633
376
408
399
610
615
454
953
167
524
73
45
61
385
275
284
269
75
862
250
454
196
840
735
949
978
888
816
670
459
97
281
733
932
537
578
843
338
757
946
883
929
937
708
544
326
224
955
478
878
827
890
782
114
512
924
120
323
250
554
808
537
137
693
789
980
730
414
880
829
931
380
587
486
67
605
210
515
666
986
433
184
439
325
712
745
594
879
649
342
148
149
659
573
329
486
765
153
467
183
503
594
915
656
989
620
545
75
398
966
980
919
463
261
70
43
864
36
339
659
327
832
345
168
402
270
300
600
920
628
872
895
812
724
511
550
991
443
481
717
144
229
10
203
437
521
715
962
452
226
533
823
42
564
77
805
256
523
821
93
787
286
217
364
787
225
815
311
404
482
388
645
658
816
481
974
579
542
301
199
651
933
120
765
259
273
35
494
166
47
651
832
578
548
32
267
707
76
187
767
523
590
279
709
124
729
648
63
174
568
330
732
991
665
662
159
950
391
299
504
650
166
210
980
835
646
364
586
760
356
92
975
307
263
366
794
997
750
983
219
1
843
888
989
839
548
0
292
361
45
381
811
515
690
231
136
611
353
173
408
844
452
400
994
682
968
548
918
360
204
329
217
190
61
391
237
601
135
491
743
955
228
211
184
893
80
648
599
801
351
8
143
703
538
896
21
498
788
922
678
173
67
397
569
16
452
518
717
33
882
153
722
129
831
448
975
287
963
268
969
502
197
14
482
347
172
15
616
831
987
805
64
393
863
855
206
287
865
855
838
402
115
879
116
146
981
669
50
671
515
61
111
200
508
34
916
178
219
280
939
806
745
833
170
446
438
580
151
649
176
404
753
478
140
285
140
670
249
937
591
813
750
772
627
922
584
422
284
804
628
694
560
399
85
525
191
295
612
271
998
251
254
970
364
699
771
732
818
764
326
553
653
343
459
635
339
577
491
370
881
133
38
999
555
426
990
603
116
537
858
88
521
606
926
306
193
595
485
848
92
207
820
5
483
921
296
275
225
328
884
285
216
733
691
723
108
815
653
202
884
97
62
912
322
897
514
731
109
197
671
120
503
614
813
392
398
592
882
279
199
359
203
200
784
645
326
211
853
683
21
68
811
951
538
426
831
167
454
425
698
695
503
506
176
552
299
573
509
427
62
336
444
139
944
487
654
738
974
140
724
314
287
400
139
640
46
145
400
524
582
821
502
510
753
282
456
979
715
23
72
767
703
990
815
719
915
964
663
219
5
75
74
867
617
137
205
362
810
187
429
997
899
920
682
118
369
973
864
654
811
859
959
729
607
56
750
87
761
38
185
638
691
670
799
917
216
783
47
99
81
20
441
46
930
349
179
578
660
311
515
439
124
37
971
824
816
329
815
445
881
235
117
848
881
608
88
920
390
325
104
962
84
602
829
98
27
540
879
836
24
934
955
877
927
202
572
666
20
315
99
383
576
632
437
854
938
680
890
529
232
994
956
847
225
151
274
441
870
767
398
542
777
358
41
260
472
751
889
27
700
955
270
156
444
813
538
206
194
545
883
83
845
728
394
40
78
946
299
762
41
261
742
464
214
571
304
820
381
772
318
203
92
200
728
564
418
866
146
588
327
706
877
922
568
741
702
987
656
951
88
640
617
291
868
662
254
754
533
256
89
150
236
171
842
244
393
772
26
904
884
917
291
955
420
397
410
920
675
29
857
851
31
505
923
304
888
252
609
908
389
803
39
356
759
52
246
869
364
141
538
300
38
453
312
232
360
160
708
250
229
300
574
161
522
439
257
765
335
544
252
311
193
790
368
67
604
356
287
12
759
349
530
624
599
710
871
897
377
699
909
819
415
827
200
192
313
534
998
730
164
189
434
430
541
397
691
296
414
555
934
589
899
666
130
640
574
595
258
665
89
464
378
300
446
791
887
886
691
168
171
883
765
652
149
412
131
781
937
101
409
720
387
857
211
236
573
389
89
13
460
902
263
807
642
127
511
771
729
297
513
902
730
92
516
857
28
156
285
847
670
331
579
611
332
248
925
301
486
861
48
1
34
338
349
390
546
386
42
666
542
955
547
934
842
663
720
428
238
794
92
839
704
346
117
511
521
217
509
287
21
833
873
530
864
211
13
705
691
769
491
156
647
114
137
212
409
911
782
640
4
507
664
484
549
600
534
547
124
940
781
397
508
601
894
749
971
533
140
564
87
692
473
535
383
997
702
733
328
174
90
673
576
246
220
521
251
424
914
798
925
148
433
478
70
648
559
509
361
713
924
950
818
0
165
904
883
90
170
382
375
57
742
366
291
897
312
485
558
496
16
493
7
308
610
457
203
123
899
159
919
120
735
341
853
640
216
51
216
787
201
248
195
547
498
461
384
257
74
126
822
737
579
610
154
132
3
827
479
444
504
995
259
970
146
538
294
271
658
194
563
607
310
139
777
468
622
84
29
700
221
691
950
951
45
903
616
672
152
540
120
577
543
101
139
736
206
909
658
733
267
619
630
502
750
962
651
888
452
766
66
387
868
524
614
597
13
399
909
891
504
808
187
167
927
353
603
680
5
281
677
105
595
996
177
825
938
528
744
639
100
780
509
868
10
866
300
281
687
47
898
785
223
383
409
533
123
657
563
487
992
713
773
704
778
887
950
248
22
708
918
651
112
554
66
700
507
448
469
769
164
584
85
301
454
280
970
900
965
467
753
911
232
755
708
49
684
937
773
911
356
961
981
671
737
533
661
38
830
955
816
739
890
714
679
402
128
370
713
630
358
149
165
708
814
752
629
423
722
131
899
655
882
410
717
114
304
459
135
699
616
869
667
748
989
757
756
525
93
387
192
955
283
326
32
966
726
992
312
598
898
935
371
633
595
809
45
959
193
482
407
589
7
637
549
402
180
80
641
996
838
574
220
554
325
63
45
498
30
984
61
357
399
790
249
443
741
230
365
2
979
723
555
334
209
487
325
58
843
288
877
543
869
321
440
538
856
732
831
369
327
45
221
361
998
997
222
482
540
603
34
585
838
295
796
4
714
227
831
154
615
924
542
422
556
363
4
463
721
683
138
757
260
155
234
288
873
318
86
358
784
240
44
757
472
236
204
741
202
720
500
60
306
907
246
186
556
378
889
730
924
928
372
635
801
194
72
929
999
885
139
941
349
396
743
638
341
709
418
321
930
71
835
528
129
138
916
442
189
548
538
514
483
39
297
996
800
526
759
527
218
417
581
760
397
640
688
23
853
905
303
98
787
628
567
478
484
639
240
232
524
642
637
446
349
666
608
894
212
943
107
721
757
436
196
565
639
44
738
149
157
448
963
703
38
183
782
343
467
334
640
225
854
720
924
766
367
585
547
288
287
863
627
349
852
279
213
485
454
685
990
219
294
686
522
379
14
902
835
697
535
847
730
129
669
883
865
937
550
152
950
928
81
880
189
747
18
853
209
198
976
605
362
472
723
418
246
636
533
836
60
737
111
175
720
19
674
456
595
953
297
57
210
863
424
567
505
622
711
384
643
117
877
975
679
296
732
658
215
875
323
959
543
485
41
371
751
55
969
178
168
687
115
111
119
237
450
129
746
554
820
802
773
165
708
515
862
758
769
249
120
183
355
829
470
587
631
982
977
505
939
356
315
585
73
558
674
183
92
966
652
46
194
287
390
971
143
447
524
278
841
873
541
628
331
723
466
347
102
939
697
846
505
162
421
295
998
458
605
322
143
34
83
768
667
720
557
123
900
561
180
689
129
922
975
993
495
597
278
865
527
644
944
184
630
187
135
519
690
205
651
643
724
760
335
38
346
738
246
772
612
480
842
560
527
870
99
641
548
843
327
16
947
378
321
94
536
613
626
812
791
477
231
926
218
856
869
664
848
867
601
693
912
990
578
22
204
681
810
125
200
655
461
492
7
384
830
654
445
261
266
409
928
410
978
152
375
986
52
437
254
249
320
488
813
773
76
181
70
227
145
395
59
364
568
278
855
908
0
512
504
939
907
277
695
324
263
311
335
134
983
663
633
880
848
299
660
43
65
992
727
981
544
658
443
397
603
173
304
888
391
425
928
87
535
969
60
352
957
730
376
315
224
207
408
75
121
462
101
314
73
122
486
364
378
321
309
856
949
510
858
824
539
496
942
646
860
368
670
102
373
623
294
214
925
332
959
946
392
30
256
944
391
953
497
954
292
479
826
129
954
120
416
817
117
976
853
616
139
657
713
869
691
956
54
238
34
842
785
168
858
925
37
99
984
994
838
57
857
765
427
341
522
526
138
738
85
306
764
465
383
759
512
84
630
455
662
857
625
185
715
328
607
708
153
497
540
2
604
796
315
70
864
762
400
721
719
666
748
576
115
415
71
122
526
698
244
457
971
976
244
284
497
463
849
893
868
454
693
759
292
584
265
566
623
785
611
645
325
843
807
119
745
264
272
81
594
334
794
761
269
601
260
771
885
241
646
483
977
308
515
643
255
437
825
687
522
152
113
792
837
763
281
424
6
430
415
713
654
422
121
569
657
171
617
189
140
840
961
799
867
918
429
515
733
437
981
957
776
345
835
103
918
559
886
436
746
389
365
205
377
140
637
808
288
883
232
223
113
282
722
49
571
807
670
721
152
216
457
521
4
281
467
294
83
613
463
458
20
639
712
622
77
56
226
822
54
231
222
900
136
21
707
376
367
463
941
483
975
673
177
30
858
216
737
456
792
4
745
90
726
863
413
283
181
811
574
175
184
989
241
349
812
327
290
13
567
577
690
627
128
454
278
699
635
759
65
538
873
546
382
91
581
27
573
562
716
212
954
739
480
401
271
752
898
697
199
663
679
450
356
57
70
43
500
567
564
898
375
538
626
933
332
332
984
316
46
147
809
535
842
703
179
793
920
308
457
926
491
581
877
209
257
905
867
76
734
99
311
972
576
542
145
645
614
239
805
556
577
642
992
572
344
448
867
906
750
184
981
126
48
73
816
135
127
488
572
317
955
601
732
28
37
603
79
679
705
822
716
477
912
504
698
390
358
503
477
805
76
209
685
779
616
72
995
92
362
483
14
267
259
571
552
501
28
412
79
755
445
957
558
44
157
309
710
577
542
795
111
92
483
376
739
732
910
78
346
575
289
132
722
343
776
107
375
251
303
202
475
647
794
95
959
105
425
775
266
369
296
862
525
200
625
216
653
451
204
571
992
139
223
853
295
122
817
875
668
524
86
486
840
867
293
720
161
191
645
601
68
132
72
713
295
521
811
886
196
657
228
172
4
786
830
740
915
51
871
462
354
906
760
25
677
898
509
285
915
133
238
594
766
491
96
863
179
220
981
838
230
593
576
441
812
743
479
809
446
888
969
252
503
56
82
132
859
952
494
320
284
718
833
113
160
616
502
508
954
391
624
940
12
734
711
733
49
857
38
981
896
527
349
796
505
845
146
71
777
513
912
518
19
354
18
656
21
264
489
674
840
420
985
529
714
815
485
431
563
390
564
428
125
369
777
170
42
594
777
935
57
281
111
538
49
367
15
106
925
775
314
442
354
325
813
847
603
410
844
655
642
919
755
669
223
630
33
303
617
328
743
221
198
546
502
775
134
917
470
727
232
987
251
864
991
384
823
509
669
531
728
138
495
859
629
574
920
828
677
694
676
480
190
247
311
666
530
262
131
666
561
649
275
201
555
972
786
812
269
949
323
425
293
871
10
502
441
784
947
54
387
128
53
268
221
954
962
634
47
585
215
893
146
810
969
436
128
317
708
671
602
860
942
96
595
250
811
689
964
463
483
997
978
68
966
278
344
746
250
300
824
124
644
969
898
171
285
576
439
618
942
636
35
87
849
11
172
905
145
133
286
957
981
33
942
994
465
686
286
11
756
183
614
15
873
348
509
56
566
660
97
396
123
256
886
332
329
639
104
121
36
479
122
283
175
678
882
565
430
370
272
361
156
371
526
752
46
862
387
729
109
40
259
587
347
959
177
471
230
553
310
221
704
902
691
305
260
837
245
508
2
935
459
418
107
330
313
390
791
86
950
887
644
250
841
897
389
388
686
18
210
52
524
121
85
428
796
467
332
535
387
828
953
619
986
42
587
873
487
460
24
38
364
69
157
322
48
771
758
390
482
407
327
828
482
865
76
34
944
1
902
205
156
230
573
29
320
123
545
732
344
118
504
109
552
96
881
281
784
199
564
415
821
172
321
328
362
27
483
125
767
258
64
38
94
729
956
708
255
177
433
814
97
667
114
457
55
282
608
675
142
808
534
166
73
697
429
927
987
173
892
617
901
742
88
846
300
249
729
28
283
833
34
234
128
192
388
756
486
233
298
28
931
552
845
287
153
299
843
527
329
818
882
484
962
438
601
995
168
391
203
131
85
747
545
834
572
578
658
349
662
333
253
221
909
930
634
646
442
302
680
446
938
668
692
869
553
477
299
395
907
367
868
606
22
725
483
907
499
995
191
752
433
401
333
58
854
784
831
435
296
894
468
893
532
289
762
937
358
341
299
597
427
825
172
453
0
753
654
751
345
989
294
9
84
772
213
498
876
847
607
147
483
311
559
262
988
53
276
71
103
736
133
219
31
440
943
608
737
439
489
598
748
325
16
684
77
504
253
506
389
707
604
518
263
86
504
74
991
883
506
347
158
719
567
748
209
445
856
185
63
742
834
982
404
406
865
245
376
573
957
877
133
77
867
58
553
665
873
465
861
820
913
545
423
9
401
350
346
569
278
235
743
174
560
364
866
423
356
430
470
771
856
599
535
432
948
864
303
186
253
884
60
633
235
457
578
118
619
725
126
371
769
292
316
597
237
26
568
317
697
32
671
265
883
985
352
32
456
521
135
638
868
392
685
425
2
131
643
85
15
433
744
848
469
64
923
316
856
507
