10000
403779
353278
501717
730303
505754
98811
647489
150719
371473
253904
245970
707592
894718
231433
373478
219063
866658
506347
296278
387182
279992
929011
388134
506501
999027
922187
754509
153692
453929
850055
855863
281933
800952
546928
18388
842849
129061
119694
190948
282579
20975
49055
366247
408091
788486
147668
581434
522045
842037
541408
842108
786599
62278
942616
431337
383486
298831
121128
56473
476079
896598
256505
753543
392989
143025
306347
432598
659533
512132
462039
68798
223839
375170
485193
501093
474363
388455
264612
571462
954192
104443
395770
798564
535055
45834
569114
889005
589344
645091
162865
217106
875207
458797
886251
197481
483029
115678
145338
530781
725284
35115
513765
143553
717624
788094
105103
800185
906599
914372
788814
754376
707682
3669
873957
717330
204627
394174
28090
523381
251401
915912
180012
431222
948948
298979
767217
283941
961581
88431
516629
469728
561633
340703
484480
456850
403181
102844
844414
909671
768963
262253
383809
157460
558802
114152
864872
536913
204834
782299
573810
915908
92338
986161
831890
485761
514721
614711
434834
855942
429210
443717
826770
62349
956702
312061
392600
965548
238725
234793
322489
185419
458155
32379
194348
31279
816626
586809
895449
344081
887360
818867
496158
891662
297765
274534
263993
822156
218765
324487
519443
455032
865841
859185
582551
509284
393234
716845
514308
577298
732542
328994
581449
118074
998180
566743
322698
788501
666706
241155
377955
843772
304769
344127
265509
434655
397919
577347
588656
230937
624179
35503
13750
25044
249039
90411
594799
922152
659206
392298
184399
466826
763375
983686
462979
833265
563493
492999
978359
596018
499419
807931
448215
940201
348343
349789
972985
154463
797972
534437
532053
431566
722784
18868
77866
626863
532728
953530
251584
547742
589630
613148
959050
760589
516463
30879
106778
127651
643050
743751
756625
625555
711659
826204
319100
705754
288654
788001
784339
249427
680746
103814
563772
268544
539482
105272
604609
768859
3942
702697
248291
593729
858461
658911
643139
697401
443336
900049
551653
162761
337333
56432
99346
756693
602698
122604
561170
726018
125567
530418
115337
132337
996480
7916
250887
71530
480219
821180
644118
914451
511420
5222
29119
541147
141326
292651
517740
81280
341313
644031
183556
906566
140707
661007
914683
303690
265772
689020
636408
473450
526971
852244
826206
922429
912508
939286
921156
253104
922241
146229
191210
98316
767339
317874
388613
886443
539847
335827
36399
31864
640351
24819
469996
330183
650500
195459
31946
5776
99577
256270
664923
29957
854698
288344
978941
65123
825514
424458
727921
998162
339221
509511
286964
175534
241374
719639
124368
676785
555633
881559
360482
366864
956528
158973
478602
906219
270557
298069
101767
747037
745492
173638
61093
269930
201207
311508
977995
329840
20321
103081
115390
696055
311736
374324
831800
49745
504695
70851
36349
416545
615007
285622
956119
655509
135641
554487
306844
605711
397686
112396
861603
166313
214899
56614
369809
335176
543519
254843
582876
659803
332331
170298
36368
192478
102631
718696
440429
824768
944138
428105
291926
444385
632219
643545
707815
293546
727055
743413
160849
880348
796188
689143
302241
850832
572063
484736
820966
669862
585961
721670
113895
330866
399828
644823
956253
94301
341187
855826
19475
741705
330956
773670
994437
432453
610245
793257
405515
239175
584756
949114
622328
37497
371038
929416
727510
695117
866715
802823
776317
449501
885870
709606
327367
983607
911830
47328
428689
268950
527576
18939
715724
515936
287253
836636
208257
807042
56061
777357
641728
579539
271765
977093
603782
300280
67275
890459
761975
463159
684971
236500
24570
909922
3611
313004
604914
822292
738783
506720
73569
934178
933119
468462
570158
542831
193314
597479
78997
632649
949813
942247
267891
133914
628009
60755
58949
857948
321953
976857
91928
640964
76320
48378
636802
875012
235842
768296
735610
988529
293175
584545
384510
750790
521375
123939
875171
452415
524572
153998
616592
856746
767820
60067
297249
416990
416601
527291
207683
813078
154069
623043
620138
912278
872796
870787
543023
323633
621168
786894
28016
20684
363743
450082
738150
133820
257426
328851
535579
943571
722819
343122
465502
587673
238103
404769
988893
277122
513268
813358
242094
987536
388585
404483
524332
762987
369506
261488
32251
664914
813921
686790
955366
542188
802185
5764
324498
246553
498736
350001
38040
271176
178987
249862
960679
620583
473623
905934
249776
682329
195488
70828
365195
194858
999660
775894
186913
559347
251628
483862
752852
630341
769877
479922
469586
203431
999441
161775
697677
816169
459591
427073
163513
501151
445600
701855
864845
75403
368407
358618
899559
776470
800135
596346
488860
853737
823977
253301
270754
336263
844106
337191
85567
588358
4100
853627
167408
767266
222923
929235
408324
918329
543386
113470
645412
75087
596973
785167
18783
597912
762297
549664
401079
912698
924429
861950
316990
736429
976748
519440
147211
27134
675127
732902
248811
66494
106264
873655
123308
272801
507024
115228
464862
555479
942570
659119
634850
777501
847369
963290
738183
735294
960258
237959
586094
547080
119930
329799
728085
251593
891877
42292
140852
472541
907984
452677
391419
269826
531159
2637
453898
883569
473412
787478
609866
253447
399431
494888
922869
700814
965928
624016
876079
720049
899997
847102
980297
629655
995169
344445
331375
361858
215690
110863
973467
264963
687027
507485
439017
374101
925596
67183
645382
547326
272382
503368
794393
668392
988955
700623
252283
899008
119913
70257
882811
68798
791725
31039
998240
522049
964095
380169
302904
774701
979199
215160
87816
153355
448170
510742
827866
901514
634580
565153
949884
3647
968047
548454
157037
300771
53647
684227
200114
277578
283583
759447
30906
780250
468251
783621
931219
247165
369772
702058
145048
334416
602848
140224
875659
773355
670149
541252
654766
40672
250671
553776
45427
951659
247881
158997
887882
756270
860361
864867
23582
493510
146089
92890
744386
903749
178652
336805
370728
703911
786352
763518
101710
501800
971866
39402
265006
653851
528436
664229
686195
249093
999693
434423
491780
720955
508125
85720
269721
85377
188350
114777
642330
388768
896255
815699
53316
160770
878680
426005
621063
530690
46405
441881
636152
506066
811563
870710
650178
84613
737568
630548
814264
189933
315745
80969
524091
207778
293538
493725
979771
980046
648125
761317
274021
464195
667344
238062
341295
871428
200194
523046
785897
340880
311595
568283
393645
8440
316298
183466
818941
994543
666751
365876
670288
525011
117251
328251
375321
718690
809398
544714
697269
964441
206391
358354
953899
195795
946252
532003
698059
527096
554631
118151
298946
284537
613106
155711
167188
572635
949173
825840
801050
955978
230288
350961
658046
820835
707533
941571
564172
587749
401244
124926
41955
149177
147194
47856
713906
942469
748563
839907
74079
708012
269807
14780
955249
664951
934630
860208
957142
110054
861509
664931
975504
386658
409881
438718
775254
883678
452882
880723
374765
285487
589278
791593
91794
221368
716555
169151
124176
423709
470921
726491
492085
548256
247603
207345
775859
882251
241277
333469
598155
664514
193408
25350
349667
184358
989956
609274
903505
348162
540811
943807
79691
638304
224738
908391
599193
429619
353318
345529
637933
728594
673180
507285
39920
752585
484935
667652
603729
467496
766864
917523
379315
487482
545103
589414
730177
497849
197316
386743
48662
649264
387624
570751
636448
112598
830466
810714
234086
393933
466329
114784
804519
354316
884160
445658
119382
975721
983963
987072
585113
440961
482688
960647
812615
979512
2303
203145
799186
996550
133757
967962
240106
521210
973943
610609
196571
151213
639371
305427
300421
561653
589927
789424
523531
928893
874762
827391
622651
208883
720998
922279
657977
896578
570315
589907
454971
478034
635368
998816
604880
631123
319376
462292
566598
655931
42528
426368
838051
61697
106151
929810
994879
757470
874682
800517
577793
489806
264752
206686
926892
219337
694280
508898
824717
498017
952125
883209
30143
923118
289117
147842
546698
418033
252607
848546
688837
511297
582900
106283
95641
894476
115087
526891
44232
627041
486959
459331
158831
186839
736933
435042
735169
771441
663005
93535
454553
131095
414090
965941
686056
383572
107905
794600
927221
820475
334541
442326
255965
658517
540957
858389
418091
199019
561463
66931
702864
654762
752241
356879
29710
585064
98546
912388
484362
194703
788381
688371
473063
134646
688454
195842
166676
333255
276616
105050
191745
340798
795362
513477
767109
288893
659922
462895
449460
377902
983009
325670
156659
795483
958534
435181
64444
324524
776360
949842
799501
150646
644782
520635
422050
483271
256419
735128
420794
676742
23114
339010
970508
613352
526137
266654
262453
699609
327426
645957
520172
70537
342772
6526
327449
813913
561715
771065
688388
906284
941890
590094
679612
712580
796179
13977
590448
55665
834861
278544
670456
719767
824143
306167
624989
631566
610070
470640
705674
247457
316753
471632
931224
350543
939403
315367
167713
646049
42538
773446
182802
405924
894784
255605
497096
438282
837231
583046
863321
247668
606064
204301
380756
783944
370777
530516
593959
699529
392014
289099
367950
874147
562226
555198
450964
25863
457551
592850
184392
864195
988886
208096
761392
276055
404155
744252
471659
237481
293501
284475
797320
685264
691552
136545
5881
376033
696949
393090
116337
380213
905128
144652
355342
727763
377200
899306
310682
845611
778210
388483
484164
590241
674355
303406
475332
733935
293814
836502
361857
569963
617054
135415
583122
836906
191346
16084
773160
539819
879282
634815
373795
43445
80109
74267
410974
885643
803170
482782
118469
4953
359822
900422
625630
274211
790412
985891
31234
234197
70539
313200
44572
465084
153038
565986
142942
651659
105870
475713
304669
22139
318099
69978
324950
15069
884275
830589
929349
540493
738210
933586
694017
951810
943080
258980
596662
466983
423335
209262
136944
240154
527355
668986
469247
588063
805135
892452
497772
145643
450660
392283
614558
69341
609218
575145
816905
14115
744914
615007
888154
926542
601798
563316
651803
275715
927133
564158
735246
766794
368653
825819
955009
320135
533440
678259
931821
100920
761272
960832
507868
608963
732379
645836
961128
457629
47153
203282
237027
246254
563693
631480
46303
576681
393137
701663
138192
522886
539243
101611
602827
51266
200963
45014
29792
195208
244379
662504
239759
142392
250915
140801
275065
421704
535207
454164
9189
512769
449371
641046
943967
876324
381117
933169
200354
591509
542821
528304
617614
993995
474013
286014
485507
976048
423849
55699
669581
703904
463515
43847
783212
543338
58330
354607
522412
571788
250912
600835
571469
433910
336614
144707
749538
639702
421414
616165
555390
498719
399604
80628
19450
679346
168229
581005
518896
289578
762537
824690
462764
970203
947545
952583
548026
88133
868857
654274
475996
422863
310465
413217
328111
502679
840413
698961
918197
328806
346200
523187
815559
752405
969323
464561
694345
124774
781413
518421
887507
111185
86757
623841
960865
744033
126309
98925
275026
871720
775255
814826
79303
130409
204066
555635
576417
906382
487275
696108
368166
532482
123572
158940
768381
421248
639555
33385
41054
864893
611967
781823
918083
343934
602696
956138
302815
958932
793614
983633
459528
391648
45007
767642
745907
235264
72024
778036
99130
914735
136555
269810
604352
304476
620453
586933
108452
138461
300990
80965
37774
843729
142413
169030
433327
728963
363149
317227
909326
502781
408001
958128
281097
622101
555273
503465
570202
374424
718286
755711
486643
540373
543224
739244
250031
699051
232153
382207
960560
801583
212130
912056
351631
524907
4949
970726
61746
53532
407326
197732
986387
143416
107555
153519
314885
602873
175567
209149
852537
529193
194100
686804
296051
675456
63155
797781
523520
167664
633874
661259
823838
116474
900652
764103
153070
191721
600292
811139
244241
844089
404814
941134
286320
773805
518332
126197
179966
732616
206105
349293
754601
492546
347121
657274
223656
60799
61750
114591
617824
653498
823170
598133
736107
726174
242028
450734
798489
613862
309232
112171
690225
457211
990835
1516
590410
491483
157075
423784
565335
227881
376733
501900
606638
387709
117240
12720
647944
94986
688307
196271
90224
859779
209111
271131
906288
648744
149289
221712
29529
903147
568445
224658
818732
553748
671146
977817
834259
533638
899399
97405
577619
284998
291268
772892
362448
969783
740735
687660
172979
633976
247090
860535
330857
784649
673788
154105
960794
351096
947866
566677
684450
707214
141319
750387
62225
819362
261840
593519
658058
778038
261369
744942
619226
993460
768816
177856
794113
395778
6090
781207
397503
423963
133803
649571
469435
403426
396608
873589
51750
85057
815512
668318
397331
84824
201550
486273
762859
75191
516659
114197
903355
334038
524088
866055
839208
569618
180332
751937
883434
634746
621544
485630
92667
291187
869909
888599
676559
39618
365279
512266
522651
964530
889181
961141
592134
317323
833071
601383
475076
326100
708383
193657
943592
977511
52392
757793
274164
707645
206427
912572
459763
605381
935309
474554
939226
451843
473759
291037
901805
341245
759898
210805
387058
469764
805361
859102
378513
726774
236360
249744
718478
703771
25554
356335
172508
999094
522789
340238
197109
651316
471442
449800
990575
357264
98163
811926
270870
378037
809336
537535
347160
814146
241610
748010
151722
744042
288563
591825
536712
887738
866599
942558
978026
635760
509957
609521
827292
751299
497593
532139
622565
562239
320507
214898
53251
882275
704105
813377
441839
706492
640692
708636
393745
903960
77338
327816
987847
404223
223918
147157
64712
656997
609082
532574
363351
610751
538018
856053
275835
688706
180754
368764
911461
361078
135523
151379
8338
365232
372142
271234
771923
675896
34980
977713
649125
853322
225462
635782
331696
719441
857447
360998
466949
334186
833084
529436
522555
204487
4796
558892
555782
496335
602462
248077
222000
426583
886890
717160
205888
896259
176648
843199
374151
723598
606380
108369
299736
982504
882974
893320
176437
302871
934783
673366
615938
287406
368032
468651
780828
649628
154455
427494
326861
752521
918860
179239
929853
984044
618078
361744
891365
487880
534898
737749
753265
652729
959710
374719
696250
972975
843257
417129
294716
420335
809020
585900
479881
559325
155401
88486
352142
291865
782161
609972
227329
99738
540331
16994
805496
344388
704539
146456
104286
505644
917919
703318
718430
237204
588496
28089
685467
122489
152644
519157
940392
331489
580407
720350
905598
283348
477308
959485
839369
329086
323686
629909
921732
556568
962484
780864
926347
915112
858690
994569
991751
192715
824264
881048
197974
181243
770022
122447
296153
130702
792128
98684
397502
60579
273241
548998
469364
679488
836307
250229
561337
293401
685533
260267
729427
591150
712968
537558
123935
724352
790516
530182
454225
630811
263096
999722
46219
405363
656212
815113
209778
20674
331188
538080
964587
563986
92835
621717
774607
874869
556806
770021
688147
890628
643684
632713
690502
192849
655990
393030
467579
382430
281099
230227
533030
757271
541139
40675
775681
386062
762430
948774
461865
891750
300336
34096
936424
59072
397678
438375
86478
132810
259233
997435
519151
284615
651273
157549
721017
12127
296883
203968
301196
624224
321834
539122
91342
929588
794057
830987
931684
306664
953749
243561
638871
865654
809100
159464
540311
781459
999599
918480
804180
334481
433787
838302
347096
633668
116236
479606
151168
509145
509509
58928
900066
167636
137376
7428
952514
138455
477267
717779
541605
846498
265426
592939
610863
767804
214763
331750
668461
200279
621753
371427
787517
282990
995174
985030
641006
778921
488881
149800
632907
50267
764953
181193
203576
998995
971118
495720
722968
760119
45932
314684
349457
121095
653840
970272
83567
939567
636465
570591
410505
99609
873376
259919
991101
927829
340358
137604
129722
713878
138690
30790
368769
259776
385706
515294
624374
590699
418139
841216
442210
131106
285701
330507
765646
796914
191217
326219
157328
727376
640025
285483
434199
505281
617921
541997
793925
226321
989874
932356
161093
448266
477420
901387
302411
313116
39089
415680
262906
805381
426981
371758
970620
300819
238987
268233
689263
98018
926429
399193
185306
400918
927479
347801
921682
399199
587510
127899
905949
453478
533390
234095
862970
662322
999630
29941
688725
653442
203115
175213
425572
834548
480496
396230
184942
322897
57323
357772
757692
26313
551920
247734
898787
3714
992813
152718
179399
607031
874932
24979
789453
411971
104674
753569
388503
559666
462987
862438
573857
887639
604516
3385
982263
477823
602254
525129
665791
180236
10226
353456
290500
440982
21365
250070
914817
868640
830569
408119
949457
480025
950185
505611
27051
971786
181372
427002
239343
118275
938356
28020
861823
604379
502031
721989
744557
510555
642829
827247
117931
867825
907902
286602
315523
992169
40690
292578
619800
721769
404840
654332
684046
430972
798551
472653
641199
734201
909818
503632
791134
488432
563451
19452
195442
320642
427547
486599
161024
530678
305890
683671
351476
802523
538256
272640
784872
956907
81843
524661
197526
176857
885903
150361
703069
781130
941882
506765
970245
459935
986144
185433
632323
881820
135916
932472
501755
531655
664416
193840
471808
835315
722686
846665
896012
632892
844553
659764
817369
38457
829886
323013
511923
224610
871240
669334
193271
127480
83483
180995
824207
924342
83195
610207
679655
641155
581499
334452
353561
61127
249946
422398
445675
569868
509286
366338
809138
982473
520087
998738
204172
783304
965225
164071
283252
998482
826261
786300
33976
7599
476618
897155
58284
902444
226494
615906
965596
93926
409901
409228
117154
88591
559363
62228
868893
117706
129642
194514
919161
618066
618399
967473
827535
245594
594042
504512
240580
398283
314947
843819
570972
938653
895036
189219
848876
207520
292331
459313
884602
634201
752052
34755
642162
851618
637318
19358
318764
115516
940415
637200
680746
329536
850971
873863
771566
292132
841096
68107
114034
720711
399550
619086
472766
94362
611987
717037
875237
407738
658989
116485
217970
193644
373189
150997
873890
638747
19129
100571
101484
387380
439281
135885
164391
689342
456794
33504
875546
764236
702555
627952
653618
247222
22707
389502
313027
392442
497782
461630
529761
713555
646915
459702
211268
668074
836043
212784
130327
686059
114929
22114
763379
154119
759358
267445
819263
676174
960938
331560
378926
94958
729756
536059
48332
525451
836735
171151
155234
346605
672315
682444
236421
248875
665445
484779
42825
162529
1244
331404
46365
451802
150547
914752
825762
798868
107930
15666
811116
325293
4172
255729
579470
27895
378261
52312
716383
153615
90448
2253
736048
193534
678289
191005
131514
641294
481219
735636
255716
18172
659554
962210
503793
265907
952795
852410
78171
652442
517032
906362
694765
332761
849375
926113
836792
337284
906866
713373
577759
523198
751935
403907
685958
281410
629552
378443
360892
221324
806177
337423
6674
485108
493107
485898
371373
689124
322325
995032
104624
309328
56613
167151
439213
976041
30352
402571
353835
492349
562507
598406
385666
460357
779882
368097
801198
563780
333037
220530
962385
622018
939388
912672
721009
504486
819203
844258
686152
867988
618961
987346
835844
59278
762818
274549
933143
423583
8013
406684
357195
979946
787566
189613
475232
877505
77069
136272
206275
672076
926746
141638
560721
575283
295533
753493
533757
544664
586532
96821
796097
81637
435332
865727
811490
157881
679948
619391
164713
71579
52929
599286
540223
610801
550810
410272
264351
844212
729648
306843
993124
774615
140715
951093
914231
255629
446693
614502
977840
156217
583448
135032
893059
564678
597485
504754
798728
3247
298357
341773
645218
315500
163650
811542
872358
114055
597918
483878
82411
45032
541231
164786
322100
991336
727325
312508
780323
759398
941857
402617
564758
72248
535827
948635
123637
83198
977852
968241
273701
856935
184622
786432
323527
69122
301714
929995
241391
187019
502570
280933
549969
926555
485173
175221
689781
239745
515627
498687
206762
936738
558681
143426
231965
895011
321114
304726
185219
584391
890948
457475
880726
165681
147339
423939
80970
627350
890223
644433
862245
484412
337358
730656
214631
128395
394849
886606
840671
376579
310019
951872
988795
645513
606023
567573
914100
290476
107075
537323
102387
897183
796409
715587
380774
191911
17905
103767
570703
425144
947955
54336
612212
234880
779647
559916
514433
139389
772756
688279
821717
965006
261905
601000
479115
578103
863290
570248
776246
926627
292365
446342
645861
856750
817423
33042
733114
415751
11538
777093
85445
538358
361868
890636
992559
13806
991443
253808
351460
278729
101638
182371
891825
761465
698503
950362
92279
265570
297397
790382
897371
355220
269773
102634
929916
123714
273467
28608
195234
113384
99598
200590
915541
402103
796308
384855
196403
775126
567582
619557
424110
286522
498704
4535
898335
280645
152147
17807
741557
931413
94988
779846
222830
596211
26913
952140
46950
851599
261517
808656
440876
941743
905436
872680
427528
961020
49530
859061
433941
8477
247038
556628
674530
99913
42344
26412
843340
592875
57233
325591
521897
249651
387679
728811
824754
176019
222645
245028
335818
704652
876575
289441
289145
608949
95957
877847
787707
209755
358603
45993
462972
818283
295124
74950
337588
913125
211085
153686
347209
847013
736020
881254
539529
266770
4958
110199
308585
167158
732042
386584
224810
658641
369680
230964
989163
438426
403819
736366
923748
191269
889629
605080
199374
814134
318923
374649
88157
404196
556778
42345
506681
4292
553923
703786
637230
76805
726439
709518
268148
723252
670038
621737
573287
578462
361794
564129
437715
583494
560079
563398
832017
881674
416587
219983
244119
801937
640606
768418
727761
52136
381621
688828
778411
561587
908234
63251
974057
94737
530059
472875
496040
844753
445546
723087
178817
854364
668377
836860
608032
598391
781538
259167
886528
811225
874114
555948
881108
821900
574858
401362
424476
953586
228234
296074
528371
307030
248160
671711
328418
773921
994035
308882
781335
97936
753220
89399
464519
869501
148830
103786
750184
92815
989452
722630
518971
771263
917812
599221
222018
265151
885519
853484
611677
456887
824636
531597
990212
958606
252009
704157
866925
736383
655840
514587
734072
851450
244161
520540
28
740863
907178
336194
179136
224808
659100
188791
320899
150774
959303
374676
236929
411582
64510
370152
298836
950949
93282
212891
841804
539995
952933
494959
35199
592347
934468
288970
131109
867249
903901
446366
312569
656052
324906
617978
736393
361372
46753
856094
878019
245295
59639
398451
808840
806846
351262
90515
539552
511817
81119
671749
189520
705803
871580
183276
797556
953872
692666
473717
305093
353289
391389
267524
315042
235470
738423
936877
680065
469130
590700
112881
232242
744525
278447
756498
959422
469523
873242
727571
678468
647187
221870
108643
981504
85831
985232
267138
841317
902015
280210
577519
461188
690328
332334
679136
318690
130219
391572
969689
435077
738256
38145
362943
800890
863594
798635
896729
842195
782999
940501
495748
955635
849776
691943
524140
688560
336762
295588
386979
749165
453067
999606
855051
892778
202299
12014
659506
211512
226358
367535
571044
936259
904567
648022
846719
511030
834040
548655
801909
788561
612963
736526
580772
982255
484450
238596
338822
692416
263674
909022
446628
207083
922298
868096
812202
910094
796287
513137
175979
286081
770221
832614
566575
688452
593480
778897
888816
757772
181692
892662
470897
232016
160477
634479
479611
411632
905501
19428
878942
24030
348344
347669
298489
164614
165409
65137
273230
475680
146037
376719
915248
700683
772723
138154
509465
8927
490991
328468
972451
816577
784627
698189
772231
380870
358741
278388
97772
784373
936777
43283
184014
712598
691621
405114
307238
162259
57157
775851
499368
537770
727824
74526
264408
348006
545150
56962
605368
570563
873560
256757
762781
747958
68773
993181
394387
554906
394603
670883
792874
332229
715249
165956
330936
191135
660523
94421
405145
117134
136385
94444
374516
265722
184650
723096
16693
553501
701945
725793
988879
64824
941570
627366
370133
867722
606441
702527
762609
304808
729500
299328
570146
60406
832414
720966
545476
321643
232554
272276
53418
400959
274489
742817
982273
861902
468515
466201
617371
521277
35113
832930
569292
72492
581856
368217
11805
371700
144350
946082
378116
222664
259650
571529
467554
576782
11924
578846
992057
712786
456579
83034
507595
240099
839772
410224
308858
68876
515075
893646
538421
392930
31766
782653
842540
587359
64903
211763
257414
461923
431561
483236
543235
869438
532612
109138
21578
654307
183959
946714
962761
264531
150268
240124
687814
798982
109066
633761
449728
254881
384023
895943
154920
768387
34290
348140
253110
246119
852957
977911
856082
566750
992078
523233
421158
364966
617973
183764
596503
853867
149476
374460
253952
317359
999673
428421
171974
598332
151479
78064
27097
564724
726536
750620
104818
895793
878680
320856
111210
57672
193318
45022
227925
361397
202430
376090
294325
899691
977306
585043
101891
269422
651637
728025
172332
683663
871567
592856
604658
150623
549515
515561
804256
322743
39862
951330
838167
914443
248672
550739
153535
558342
193787
366568
926359
579102
411173
872659
865700
697724
673540
307178
583370
679468
601384
153595
705682
722363
266820
425376
489238
694205
273556
949337
622422
308237
66562
954156
100013
1902
831249
425033
147940
49291
745728
112219
401142
653097
919050
771318
962646
627218
87282
761328
586308
759302
755589
988866
93271
813180
92376
365445
896753
878610
330137
971665
417307
333774
595430
995669
685544
932404
3414
816577
450302
370991
331672
291634
318444
180521
97526
579323
942560
505760
400697
373987
482415
912123
854735
813456
33750
574340
17225
430323
581915
623628
206308
191214
291362
951617
70592
421673
703266
679918
76192
650560
579035
146065
567430
869480
379497
501024
395254
601569
653307
580713
911548
593028
781560
518918
357255
501620
151267
725376
727914
474283
926374
243440
915791
56010
629137
210159
601269
229255
490150
256120
680560
634461
361083
915461
426009
562236
145323
379994
401875
742460
497798
794109
804911
933382
570612
500637
614998
448504
191411
642331
523599
780728
125629
447347
453901
686870
876592
806642
743684
98158
233349
688672
943853
627401
164951
542981
319946
780299
88372
438972
546263
473160
16448
713405
17079
621696
264085
100571
114493
37065
674472
863357
108307
448749
333150
451486
296959
938744
884184
130383
885183
654291
715362
791496
269973
418036
590110
676344
156954
225283
717112
735300
286296
168008
747113
973006
822368
750785
61059
439956
345854
839708
488148
247980
552784
336665
425672
206843
156176
428499
338501
830154
992605
190870
212968
754236
389535
774615
823601
467375
292195
220830
680700
174150
363864
154038
825255
417927
577212
188870
31376
802071
813291
517181
628046
880399
241877
573417
205787
467337
490179
503344
406724
619519
306987
581199
858154
785368
504905
552386
827765
996000
642651
846770
281225
313899
441669
381115
624611
936609
692664
930758
428412
871874
89614
272119
587348
403496
822191
622451
279228
544200
958611
408180
300529
514806
77747
789588
462175
564682
972332
88340
300645
830784
856952
996452
434991
807083
919352
971676
159692
115733
797355
772649
225045
173267
855361
379154
488981
540447
612952
350331
838210
246923
710721
264889
227399
371713
987563
56241
522018
747053
893870
361083
637449
959531
527117
269184
943138
578572
908924
983067
163830
520231
617922
334182
634342
975078
228642
387479
359265
984684
36752
626542
831118
568586
806508
547950
220877
595832
828022
926363
349477
367568
460679
421302
778360
450191
795968
437168
755830
549711
166544
32172
199693
95757
947359
314381
479466
536819
621039
79324
846939
634464
168757
176626
703029
918476
369043
985161
14345
536330
80886
940375
254370
621273
512944
264654
769794
708718
306133
285702
949165
691571
914572
884972
438353
9505
191078
855635
281742
259875
900575
848041
458350
447797
64134
565149
597593
425437
855142
731194
367288
94115
776293
402979
199341
692801
460407
25925
615896
928978
574526
104629
450284
52628
645541
222749
62814
396823
368260
550408
775734
275537
850638
435714
596647
468422
769084
944935
383404
997273
482778
213158
836765
116517
829518
979214
685694
182152
117987
452248
98
80672
881110
174467
677319
818212
948150
474197
210498
557269
885072
624544
340513
682727
402215
420503
796069
62357
677111
932444
487698
416047
930020
714747
287207
785056
669265
152147
111402
158250
842055
611511
862797
606369
908744
854158
370757
33688
780933
565035
985571
74463
641695
157291
74238
66198
344500
95384
47426
716117
708663
917961
964902
107915
94589
216365
572307
131654
7388
175503
678022
824008
749485
9542
908401
666774
347809
544814
237511
753404
929489
758294
887487
839010
57815
31299
292084
175905
403537
895130
207943
543332
995406
101004
58833
627514
542006
187409
726543
179553
13776
987088
15538
466886
604225
649175
117422
810805
90337
529836
491473
504186
994204
875413
696562
138801
954491
703696
27635
855839
164310
845265
92191
345069
422264
549574
281904
916347
313234
358639
66849
143678
550291
119055
626957
607179
82462
99001
983883
142004
405610
279344
35972
603682
689805
582266
309909
293322
493037
105621
70323
10405
826951
669147
37403
581553
984599
932469
412996
778023
600663
267843
433111
611178
772963
747623
392741
159718
724308
807147
212709
331657
190426
55757
509859
781352
103952
502597
630594
613008
534346
256143
359584
761637
87501
388594
495609
168757
519631
733707
835767
936210
518541
264335
769345
367700
741922
757904
109011
320580
162355
729952
375550
625409
898577
238016
710873
560022
963193
836224
860693
631703
16136
84846
384022
121203
706131
121796
307869
201679
497138
127092
108771
279909
355517
797037
280417
371517
440294
367546
708178
111521
310404
845759
102417
878053
514972
836622
938808
227355
575673
511888
502098
121753
257072
856074
915547
427327
285563
314800
224561
87374
749088
811473
556801
536635
740816
686771
362478
271221
88734
615710
60357
555509
948994
991190
264990
642838
462693
236178
517246
963016
111876
891187
33290
109312
725133
315859
63193
662554
248023
838087
720913
612965
279441
909508
980817
139961
888349
708186
470424
122031
438566
355781
167321
941287
721800
73922
113981
437498
498994
354848
300187
352655
532700
101042
376875
739927
284017
168549
660615
854266
920211
221090
373028
164814
693451
523320
457175
548461
350817
945103
668767
972070
838797
80749
123486
830779
705124
284371
274860
71927
463769
64982
665128
267652
953813
648703
231903
52535
601068
609991
146137
69190
215619
786564
741865
354371
749556
984833
333739
718455
644006
513949
618864
330446
92022
1926
223624
473726
670565
617243
747022
167977
976324
117728
302904
309404
45156
238884
694551
9578
408910
560705
544741
979928
441207
420531
122421
421725
151578
36256
791644
110470
10731
281531
903782
689704
426274
521691
458584
284032
35835
778271
321033
532874
863732
835069
152541
874647
579039
845933
537383
300916
192075
311167
849594
520574
20033
190261
680326
495561
94154
477474
188251
347956
857693
722866
744710
832433
137561
552316
302487
580839
608955
448080
981353
11901
314737
374849
344551
409893
330047
364451
29150
405749
111014
486768
553673
397287
466495
443812
420482
500033
376551
925831
725990
362063
331391
670505
483538
813812
393898
781413
212293
471005
880443
867807
265568
316181
778739
201406
256572
94705
34619
312556
152127
909355
997873
164591
237420
187034
379289
653175
41920
692183
549521
129081
161230
702234
625516
907310
47963
140476
891858
504228
371614
750763
565144
536939
444215
684194
424097
286344
801709
665197
505387
80499
223954
280504
842205
680877
535749
847408
227497
449021
346152
219638
320351
602963
248958
457019
488209
561909
525826
777378
615889
546888
328229
55254
16454
487929
793031
157029
622967
892584
7018
668279
669830
864377
699598
452742
459366
87469
174031
679507
892559
979732
423477
293961
719890
575844
343040
694812
904291
754278
809610
544203
377529
642865
691705
853691
437995
553286
648057
909337
280664
37392
605607
595982
616566
537477
494539
471594
223399
396709
742223
550983
541163
303870
712215
434744
541386
363526
839353
83222
619308
271188
747267
814168
890028
277587
917647
141489
215262
598106
924455
795956
917211
568455
257268
608388
447531
687952
747334
257468
661587
67100
200936
441066
786118
289806
495366
995372
516505
461830
162265
514333
605895
639848
136966
377899
578536
735064
454616
903996
421662
48647
511646
208322
903792
158423
363180
778039
536171
976452
30007
44844
22926
686103
775949
881360
403808
689257
470012
433416
724547
675552
724747
623557
127204
155134
386979
623306
770563
920146
740997
227957
305031
715107
278634
917186
357790
604333
853048
58669
899734
356180
949170
612885
919592
5561
959122
398127
955309
309309
963374
8503
558209
312380
45955
794294
869021
494521
747516
484142
79972
251079
42252
914489
340661
328022
937345
953670
993219
247632
693773
11800
697836
451407
618153
89095
217301
998514
875153
612788
560974
310641
139921
981679
705630
589506
481550
927845
270764
426512
310101
513553
187227
42247
457517
675563
803432
294519
834712
855812
934402
178573
791234
355638
313961
182522
889169
463926
40585
873561
584242
721496
591641
378399
106305
552372
157425
735323
935042
488193
220422
461137
497300
813641
327797
261241
555313
883642
709342
661214
969950
593127
582762
59053
832837
919669
842918
427664
87121
142296
639536
248801
563873
351963
514906
560592
180845
792850
649920
921466
227368
423836
143503
890231
173231
169169
919455
112963
920706
543863
565208
323370
255185
627531
87880
132726
184696
876729
737131
948423
851149
977257
897354
260283
951003
736462
383756
561268
546752
871327
987495
533303
808365
318472
965850
243500
404790
210347
335925
564094
984897
426133
123243
85721
82020
283763
129143
228539
114049
75887
975050
458581
549254
801819
938402
413961
571031
251695
323879
868534
206858
851567
255681
249854
547145
941514
605345
136041
141941
629516
892011
367740
717888
219556
469096
758193
284840
17963
100563
51288
900428
88125
201722
73125
417254
905810
154478
260264
100902
537774
652960
145753
645070
664091
18323
140291
430216
746959
272789
592011
310553
465500
72906
363923
34711
305510
247539
506612
77355
571329
363499
679190
835177
75674
375347
940452
549844
928316
738806
493457
195947
999879
296669
835323
459158
1417
315627
940982
171195
666630
116873
399406
921866
40451
628906
765375
853073
957416
185601
594966
432300
221789
397690
655656
157680
251541
568474
419741
27511
764769
616404
736247
481201
168146
332898
329734
704624
664659
394746
8363
599654
494507
157051
476745
59178
916701
476362
59598
946454
101952
290977
711656
15976
853382
286940
778757
502373
182119
705011
724025
491129
507163
62920
845390
156233
389969
2372
982197
495985
726322
966656
719224
54370
788842
497544
805156
957721
27850
763863
115697
569184
792
704389
877169
132034
476620
574371
450603
533318
252043
853116
100825
774589
322301
300472
527594
679971
586676
144044
635911
284070
20129
173728
732453
496849
110565
819582
520527
20746
547062
172959
470010
806574
718416
661631
136138
572891
933453
553905
956137
612568
947657
814414
899018
898900
833148
364693
886155
782030
319965
838761
984692
757737
563214
259225
315018
295517
877790
649864
854378
277183
777880
424931
839380
772758
30829
347744
369001
334424
736542
140046
54754
458130
876728
828401
40758
778233
292514
393527
118586
36778
696368
682430
469149
365747
579887
15473
222517
935273
349499
595389
645613
209357
682359
773999
360656
581325
390861
6136
94770
602191
212652
500434
953176
890980
62294
637674
340903
511979
899161
814246
211417
26098
748465
737687
614066
403117
561302
803157
197778
485588
639839
788385
64049
169749
926941
417466
983341
397924
962460
658285
531272
786372
270077
504795
719661
745783
338922
278225
828964
64259
602001
149766
632797
560122
403140
535386
860723
291139
773131
263279
790531
855275
534015
299370
148634
73641
702045
226685
501896
532196
3361
993138
5996
942757
892563
585081
211543
572884
118570
491328
212745
161225
994706
64195
280617
241026
207767
750136
819685
428308
920613
95380
183268
633581
128392
487388
382226
830755
313623
829768
514490
364298
122074
724703
996564
789580
630269
235840
420147
58900
728015
687043
425952
266751
32968
761240
816561
868786
336244
738574
999891
843146
559621
624980
157463
455248
544184
254910
747945
953563
27580
383770
419989
64185
201912
677217
946192
828486
126468
386979
560512
537872
716341
821069
620455
199163
306980
157149
413478
226961
299422
379966
665046
455172
724102
151851
34433
533655
104007
265288
77113
782341
542493
350017
591982
300552
1611
232534
389073
813916
812840
715457
723520
934949
750511
253142
348087
423439
727667
458824
728937
962483
827031
163748
960916
481587
766187
944672
978194
923622
38373
830762
743819
713533
234241
193881
372197
26796
777021
486998
289108
598891
903614
645732
345732
257675
676756
573451
125915
710791
92325
534581
94389
817870
730214
283560
95910
391953
368897
678098
929879
822201
486533
783673
821241
414804
992312
82811
399900
368279
894752
780665
689607
903833
197757
518243
556880
570804
275967
332853
194761
580724
202366
591786
788342
557991
356320
488920
3212
855059
215581
111558
522546
454028
835948
756033
997695
274119
266578
704915
469745
357898
209338
228293
683085
625424
52887
968194
708207
762599
903845
692865
163322
924480
89803
348103
868444
67923
826044
289794
582375
235696
720931
378361
363883
630933
866271
944482
827083
772107
91467
754770
842438
479696
934062
383359
986508
227834
37186
922553
135061
231956
392279
317664
504635
142744
303500
106398
56688
992278
434927
73397
809214
284622
340891
488680
338973
151407
570932
22473
790703
836825
420829
714171
633698
664228
337689
389187
931457
902451
485081
367045
638866
500956
248044
809607
21528
318335
165023
297372
767231
352050
614688
134895
421438
473770
639397
584110
711951
466101
466789
883060
272520
631081
587970
837663
599134
359580
913473
834612
881258
746665
509051
648352
625407
321789
946296
156025
486540
413263
603786
76835
774743
730258
161163
203603
480598
483196
230068
892776
93414
245124
838433
380490
292787
439569
365421
899244
598122
52563
397784
176364
707701
594060
855522
362710
148010
718226
827872
921065
840431
883053
441194
120043
465098
953225
433335
627226
985062
677731
672716
252782
652293
246005
766148
765266
152699
869718
591609
901567
915070
485151
11714
22318
946197
981149
222036
263001
612083
179990
256194
454479
98417
875669
635504
413109
686198
533748
406628
595300
741598
839715
919562
838633
328919
137019
48400
621681
840521
201736
850220
516553
235307
765962
587006
810063
218353
208118
31992
267850
130325
944256
250649
629489
399602
429257
290623
973395
406759
490140
537053
974361
495548
3365
452346
461360
24335
625109
202336
211424
802842
753350
892264
326530
12925
696024
983828
302297
513454
165341
465652
524839
543203
812764
377823
826770
875844
209018
60087
498585
817304
827171
947850
514785
224321
612033
421238
872754
747829
790759
412825
855494
622296
425082
876181
856310
734282
103136
280072
311443
730821
376929
767232
871038
488087
997480
879960
128704
233268
485223
373944
573479
797212
661490
693731
35049
474418
609137
723612
530575
279783
827636
864562
3631
392418
826556
716707
733591
36478
659028
21123
425410
644483
693068
941023
664889
770394
770937
986231
783976
847915
272137
878883
637119
540170
86333
63782
177538
468267
261483
887230
993099
557647
608753
733182
195827
398888
874051
147747
661552
9593
122541
586733
298328
471636
374648
340530
454413
202290
461740
931137
388524
187555
421089
725770
390542
153184
162626
16754
882226
211384
230816
602715
200114
529486
129833
864304
784410
556280
756423
349066
810756
622035
139940
349084
479365
158814
554882
122878
682378
213571
498835
761789
242210
6009
279827
151082
378886
275706
981340
914081
11174
435100
79274
95979
701291
712432
980001
419510
463330
879691
108834
544482
299827
70954
334783
174523
541243
511324
57092
480627
151964
951113
369503
53333
827273
859719
649151
156898
783928
154107
192578
220627
354474
948372
863615
116361
253076
59965
301009
518663
804937
396823
8267
125310
407640
109948
268532
48943
813083
278489
464369
859851
533916
13527
457974
679663
895814
408029
204793
762047
991136
45381
830259
663922
16251
402098
572364
865542
966405
638703
6743
383258
949914
95414
628658
292554
877023
179407
673482
71073
295057
674322
534969
541192
320111
348665
714230
910182
923058
765303
470124
503367
269426
562249
331335
491623
97437
373498
564977
331137
5232
437567
417933
375262
98976
330810
226831
623970
742916
619394
268562
4654
509005
688455
317625
200070
611962
19228
807248
252667
1964
46301
198678
661899
916462
829237
68615
646483
907494
52347
710319
574925
634650
336152
705681
423518
893211
395986
156990
322425
86302
484957
155098
467916
936817
832971
341578
14444
412874
569256
529678
515439
741013
465672
738786
177022
521190
641230
484125
329935
966986
929326
988261
502672
659366
882606
771497
839963
519266
395801
883937
861182
737815
114168
852313
732064
693357
609982
441803
302865
215879
608087
381128
100887
647212
24731
740787
176228
651715
784505
19300
12716
933966
953219
50647
248888
836793
578838
196531
159564
417172
993349
607143
350262
188113
536336
309890
364793
387273
848373
501641
432186
244320
781570
560226
104214
678090
171693
699508
597957
701734
120829
101236
641279
522078
493544
672184
26910
478335
389032
907036
970952
513182
667817
922195
30138
385681
122345
898187
531943
538942
533988
719182
10931
329873
213896
822302
727330
642053
845258
668492
431887
958310
903328
436245
178387
784256
144279
735513
187389
158129
824716
900150
406542
747356
733804
673624
317259
798888
265880
338582
477502
66239
153602
514329
472232
284404
364727
713640
168975
946667
483820
979842
340567
262989
831119
273943
862216
378530
753363
936625
783840
975190
216346
935182
313961
90303
724936
573052
221136
318145
688209
774242
861153
820573
953480
692547
303987
515082
545061
764864
730785
577120
318363
772859
350437
47972
729314
477802
666794
688443
786633
722007
729551
805671
224847
91471
921194
433073
505474
756702
193245
646696
267166
402177
671265
443217
367949
738280
754644
44248
347421
638294
803976
707475
222943
974231
742045
441093
166128
475151
100033
641857
350561
27089
153273
72948
532523
461841
149394
938879
628579
191155
185091
452407
303798
974153
499175
752519
216512
143542
602587
667244
975899
858626
978608
286507
742899
233491
373768
54856
171826
491470
837316
161838
288941
156079
998314
551817
327100
967261
947666
717485
414690
488903
491488
218033
701055
192942
472250
77695
562600
361441
955723
974683
863720
4341
628715
894683
525495
462660
32307
817650
790765
433930
190738
261238
46161
619986
643035
637528
57817
707872
959993
150114
177511
793187
461993
239488
801661
881047
476597
757682
676767
495038
266873
476744
206753
273179
200794
888245
830211
760213
215655
419626
629725
35770
516138
830048
208186
741729
402904
25545
277015
562537
437239
860282
427607
716334
92569
123961
187606
497829
772563
284638
146372
26692
798774
297540
980543
156519
742677
479211
404456
966561
119956
268123
206448
45274
628215
545349
903113
350519
264414
823354
142752
987313
383930
617344
695682
312972
954482
421937
677084
951458
560027
628909
298985
188689
717632
276606
894587
726453
321786
307757
874432
100337
245878
511411
165805
532166
171846
553669
56046
884376
609116
985694
603016
299198
81387
481535
606049
382169
844353
965290
743399
765970
26181
20904
373429
170625
424891
12726
963394
321283
553318
74135
140622
736933
891886
609705
370414
255737
977241
369158
101015
395715
342748
379525
669835
946418
75849
168547
153876
981305
684545
583081
690088
503867
676395
525781
756278
952664
708661
566842
128770
522467
352678
613719
280840
630230
828040
450885
516005
341749
648218
348777
796266
839833
844144
131425
629042
953225
505662
130259
677509
114839
271497
26921
956184
423594
649863
605293
313946
19572
551720
545932
276561
398196
377905
79255
734960
472740
540940
702770
902929
933289
690904
844002
412962
27969
327205
208706
749016
977271
611500
73592
810383
253142
453109
552319
381602
203919
213699
965430
263767
873448
631529
300278
95827
779777
575315
418378
500700
55378
432083
353160
663595
62893
637947
477875
330671
61230
763444
328014
613515
577154
494266
439734
437433
871634
260171
514693
467582
439786
90624
368381
113043
715005
470325
337969
791598
412010
831078
28637
849228
66065
48536
460406
869470
622873
139947
739874
595999
281097
465025
346041
99718
958639
544687
775506
128545
192807
920902
24947
970413
482852
744137
57195
464973
474906
527038
423447
768251
719666
646532
711207
821429
998002
847876
658953
245223
420782
234011
240632
915839
366725
235563
427608
633045
530886
31942
747657
814172
709677
310531
865297
391364
604674
267490
630341
531741
282043
756507
584009
108004
734227
113378
56823
513303
51257
898959
863726
528976
675427
480888
324076
565759
556172
146597
283134
235277
611280
438518
8539
51055
676375
345923
210832
292554
964233
48004
839063
164794
98894
231140
950838
259391
304118
565674
934420
764962
810508
557506
530252
650993
506761
307940
23744
182218
217729
959802
101093
645845
161134
389701
101760
992833
186402
731861
641103
124028
511314
935506
674858
841326
192186
483435
820035
570878
777379
261205
281824
816048
305566
521543
819660
195137
38678
132204
674869
510422
148231
817705
670526
41951
322878
419331
656181
406577
140549
123171
164267
978767
306496
818558
480014
236638
651934
28540
839984
299378
201535
578800
715819
814769
308087
524863
231695
281924
72952
668249
965293
369250
631800
491661
299354
218985
364431
933774
127114
578797
337681
709824
81464
409599
200997
233552
913211
939798
79206
463433
292730
319348
762078
129
729681
437376
920478
668893
534471
93041
388221
801794
50943
537799
556160
395539
269183
919630
80604
14919
453834
227752
345676
50175
180597
608650
770939
401100
278702
219724
979647
421076
558574
385469
731806
518618
956529
609962
972179
311412
756966
193407
440813
468441
309150
250540
480494
781906
66710
959453
447611
456119
616647
900975
301669
844559
100219
818966
810777
21115
572723
298224
674708
923750
702580
832032
966596
354871
217876
633896
995876
174031
168837
916879
876861
739261
8348
983312
936904
279753
747740
63341
844561
244
905526
397464
296049
560427
751505
779529
580443
734549
859349
68936
603304
740461
976688
223660
903835
544612
33952
339157
58713
814883
629327
727427
822252
814971
862622
756560
20434
823925
330929
508965
938752
452668
864982
989079
460399
933364
805316
965462
465354
109824
69102
12963
408808
709681
588189
976560
335087
448578
429020
655090
425549
385112
667948
330888
384823
983289
394000
309953
626949
608124
134268
350115
808853
187112
43486
911909
371763
747308
692552
106920
870445
763699
313129
909883
422313
424375
882596
455240
729906
212965
119701
741945
744835
548800
45985
96894
186353
770119
810817
590151
118096
537399
394814
799971
476409
972770
927886
790472
890728
495715
767156
302813
121279
368160
56401
728729
433452
786785
50010
264624
43960
864326
939113
611035
744298
711232
99198
731776
897964
300027
627708
405033
51858
445518
801291
983788
93213
232311
616393
970633
653344
46285
817286
766471
542972
535679
66618
596299
993403
17000
361640
862394
420603
17702
105814
29137
853333
658596
682781
525085
307452
876152
831218
436966
256422
389370
359985
312778
382310
456700
408263
184041
672804
815511
879177
204142
790583
302066
646951
926907
378161
914746
345135
741443
471379
979136
968191
892858
992386
854752
857640
231784
311800
391794
617459
371342
373930
902790
575324
470950
231847
994474
294172
673932
856928
778437
559867
238169
845705
761190
392394
886738
57640
920660
678921
913520
50636
485017
944836
420068
190723
440219
634102
988003
43007
931618
843229
440008
780776
69101
508911
565959
829292
707328
864353
483105
544665
302818
767856
769916
360925
409491
731495
551750
864303
763557
918248
838295
433187
420110
522995
578661
1800
944356
14088
944556
712945
595287
584934
740508
421883
298973
581770
881333
913290
291081
218539
166153
587877
719773
676936
251132
94900
520358
905710
948392
329753
606956
627896
247577
813954
943852
628995
95098
449828
265833
983343
575708
147721
299413
678503
18547
751122
813374
562698
407321
85817
714163
40022
870496
901981
630630
844260
878496
658317
552777
128931
534594
564311
159568
667321
101035
216756
42115
775858
719333
873911
995717
739314
864319
247106
643043
387944
677048
343385
933723
32639
132856
703993
894118
773330
107610
359549
376196
851987
825180
303057
545893
534510
898071
187391
702376
80773
557568
314603
103156
60049
161782
61263
271912
299183
347686
553644
124284
746218
899664
795545
798767
757661
122577
276612
68207
872359
965794
636555
593953
320174
503638
691720
71830
554986
479713
281622
204473
892316
498281
276132
463180
277115
344604
151165
392324
955824
364113
595601
560790
833724
747106
377133
523885
575187
419044
91375
179170
874152
605333
384848
99183
627324
254179
763540
613923
809438
750265
117358
678843
56219
692946
184639
756293
766947
90586
986578
412596
187735
118774
797990
396209
384639
426330
572384
971586
14739
946641
916775
763444
67278
358546
4379
116064
165886
111128
27499
526278
586646
166722
141485
759112
880852
649366
475859
482778
235941
365786
380734
646146
995971
461450
30032
778740
270840
59519
237732
167507
987483
846863
875066
646186
254090
67940
641047
529383
286977
118463
559590
216785
116924
710440
992410
117828
541753
670198
850451
934067
901485
178441
296540
822252
709579
639382
335805
668448
383096
562855
549377
982277
386389
881051
302445
295064
342324
759500
777993
971700
920098
894153
611789
504656
901230
559361
707304
511275
769174
411784
104785
785529
397604
87316
739646
441361
854566
290823
65414
417854
654366
317444
397711
669311
442504
979821
923781
13945
272028
346414
540084
369735
629272
138134
497709
656828
729253
106189
877461
514494
911938
466833
622213
595382
64222
40646
782400
287927
118153
950528
54457
358021
347640
621282
144055
126567
591491
591303
542166
405352
934668
691286
917569
45001
405172
881186
395581
799382
592749
200336
710625
469055
525759
215047
517534
273317
402722
127687
499432
597345
656486
329504
562746
349832
714320
774476
740211
578719
485535
767157
876282
90742
170017
821494
443197
100168
593099
533556
848714
802167
672464
496737
737518
924816
147405
134680
904313
59607
137662
338553
654371
406136
874093
593384
766032
292610
179809
952882
629872
91723
949798
386282
740765
567845
316301
507782
702633
838725
702184
116188
836969
650159
587092
711168
555736
259800
611296
692708
354219
435285
134950
830635
9801
239577
781665
120498
14408
637105
325467
988562
870867
924137
510781
530883
524963
829951
128147
283287
971967
117421
897133
444520
800843
288989
294286
65344
621906
602652
924023
660136
901607
948680
819708
824850
277965
645315
950836
439296
193849
674429
581290
624653
61932
339958
692028
304852
56584
862121
978115
325686
809191
922091
739610
3451
57970
663760
676452
442484
821813
40532
992803
797774
952476
929656
920601
612622
28995
929349
886626
51288
505473
221745
991853
107125
922523
832516
521144
652434
317097
396116
543030
416784
450318
649022
220002
820532
949076
576679
319046
506246
731003
583478
844223
723292
829222
612281
823280
889002
773759
14292
934625
253261
70123
261549
336194
533702
541391
873456
559915
836424
345350
631239
208497
259879
528264
809336
495328
224181
463724
534823
205053
76246
674170
858676
593668
387957
675672
955487
796475
873681
298826
160334
518029
409495
16633
631914
394007
202350
696944
309361
448177
108310
969229
237624
9756
46631
420263
443669
199194
113838
151953
993889
897084
937454
111037
383048
333089
477544
3925
247428
545344
759865
390397
181606
324021
580824
984336
561175
66342
627628
619370
486697
964797
39291
22822
880106
516175
675249
887915
872469
478559
489244
791701
91796
256679
105964
453101
955353
703603
898915
610404
274262
983276
593046
60869
703001
535551
462962
535418
807922
379704
204716
467827
217817
235053
187074
468346
536057
786203
177848
512391
360764
350724
257499
937012
753740
398376
812215
451528
446028
188077
344812
848280
323370
564680
14701
23441
926512
768388
446097
988088
893494
271481
727880
554020
636978
397074
785398
741247
736559
806090
415670
153898
938809
953749
964092
436570
705347
196878
115842
621405
994939
926087
755092
620422
633039
412258
155452
17608
327421
54894
469642
132367
909944
224803
682928
824468
192182
11039
10929
602443
472472
267635
362976
902751
191565
66841
449560
344226
497528
57508
922488
556640
107221
870826
305801
332298
33682
167577
641138
28997
270874
920154
530334
884155
159509
796460
790687
67753
198369
705011
991815
16386
33089
105445
294687
750707
736750
126220
990158
784696
56025
347054
157934
879509
281772
363767
2318
920534
23945
236840
730912
481050
985208
822534
956855
402666
403067
44081
646488
81017
374625
47796
858648
237685
585771
934864
184566
109961
625426
675208
268425
714524
996759
770906
511508
410233
946230
684919
302835
657597
765453
268668
793644
272264
680132
537578
527053
927408
514790
210068
174339
532476
872186
658606
340962
764469
30852
140487
891056
529652
1926
481788
582816
210561
402521
949624
177702
701516
663205
783748
887873
462575
52739
354014
120470
729236
861939
276843
297113
90278
523746
211039
293284
294697
476251
451349
574244
251895
624581
56486
868665
6813
158217
235212
271261
788903
745672
151234
199468
444490
930494
732188
570071
21727
934051
68212
32538
430355
315960
55290
659189
949625
383297
13037
962171
403977
740440
982492
72430
263407
304743
846108
370235
673014
558193
561679
842837
796877
800651
85990
871199
148631
389364
303707
394404
633390
757608
933573
386826
921360
55078
504029
660843
90299
163223
539487
144599
791945
605684
886756
902056
211933
396125
7991
131885
541675
373787
711133
593678
30707
890267
454986
172716
535116
182262
213813
44689
374845
596311
762846
593693
742260
267193
604765
606526
778697
921749
464140
790907
174078
267048
787974
520262
305508
490092
328939
205217
164468
445467
870016
899756
541260
963209
758568
624376
244823
886740
29249
523538
486018
284714
883208
36700
827916
559810
999638
952412
584095
624652
513764
978198
444111
821974
856419
590484
500387
720777
439823
734714
666009
606078
801333
91335
649623
724616
278606
301908
468377
541824
476833
97909
458751
936911
112517
675577
816728
523215
551499
957460
780361
694621
931301
469460
293058
571678
508130
432118
999075
893508
852429
988891
602784
795715
453772
552961
563609
934906
705475
295977
501405
70500
229446
590016
455463
445517
514083
549412
824988
382780
558661
302445
343031
84875
620673
212328
245681
564174
25540
346511
955546
137016
5101
995814
381873
580334
160898
74795
209447
500711
163995
632115
301999
945870
772659
306728
571740
936137
909235
397736
762980
953542
68832
742939
316743
530103
698210
715949
254314
848573
930349
205741
584171
956300
254662
520958
434074
209915
426558
609621
460230
50689
839318
924641
269447
179436
50494
633192
879648
455819
214260
471833
874051
75080
535994
551987
647465
348881
90798
501956
48533
459124
137026
560608
585783
168614
67020
397690
738565
2143
6134
762613
783555
504004
250809
547411
613359
826054
334681
129896
126535
996239
517774
14309
420455
770525
369852
348638
985266
549539
403179
381784
57562
356933
1659
384886
483873
521033
158771
402953
991337
347180
644769
929472
87703
342392
569758
396269
796490
935051
648807
338639
92446
147599
42199
261517
554291
398781
797750
107446
513908
349211
220670
564861
280387
25704
717476
471984
681103
48411
76530
13357
529480
600969
758683
258639
449519
238760
944633
123881
47622
24244
843029
588161
487279
597386
396713
411898
611906
611379
791848
380980
179850
990040
404686
109161
642909
380123
829526
593070
384849
725506
502871
220665
815627
68127
154818
704808
660987
295869
23261
475394
76466
724479
990030
258884
71189
210015
691356
250576
219091
95663
473262
937235
354254
934636
348196
652050
56111
665487
294866
290445
98553
973395
64487
646597
812857
295448
935615
274522
131527
240712
160397
219591
609922
600120
318701
847313
223384
496120
54078
984498
586393
590679
935998
219601
321834
822438
14637
906304
278511
693096
143397
26417
688895
617635
772378
30112
871405
276999
71073
663192
168616
562037
932560
673837
206681
636814
557267
966139
62189
46104
607274
635625
816475
188106
692718
575991
547763
767729
324380
21749
143774
610586
648201
771619
574816
604074
427132
273406
961733
303427
40518
825145
799978
908535
983739
143336
645038
77011
695249
182515
838280
526039
224374
959851
327950
501960
241054
597969
367636
696305
522064
443408
998784
949380
749746
924640
730926
112640
118421
610316
435929
333746
178912
785481
958832
957044
284661
943669
622256
707717
16345
373946
613107
455499
834119
347595
994435
736237
515712
255782
63931
145485
188159
178651
626962
80331
293439
214006
470426
852776
589440
774225
563949
396059
70248
82577
361922
730492
59813
812010
420169
327487
637845
746329
965241
303590
443125
132584
928961
408401
672963
310953
617293
90959
1639
31391
339854
267963
843189
472995
684130
809902
108947
645783
804219
419968
75278
654384
715187
857511
185522
71589
651636
484844
131495
829671
765107
359900
126438
349302
893196
434022
533558
201852
957144
55812
706732
91950
307513
2418
934025
869720
781229
269028
459345
556292
667988
550280
468140
715823
143694
919839
575039
367871
750737
502192
488454
505453
854796
864053
157650
442529
819099
908010
164360
755297
889692
548156
303042
356509
963991
988637
716869
34118
299099
907999
790888
304728
911119
746570
789715
449509
504212
225103
415582
549546
516987
837999
64798
335787
576980
90463
15783
66213
90593
544926
348822
73931
279545
17401
659703
534739
947718
179149
730843
357676
156106
182317
274495
418766
318281
671497
837723
921819
388177
61892
773290
893482
939950
10745
747159
257434
481356
430244
372379
654998
201943
64843
482313
206
688109
269604
437138
136628
551322
168291
70209
616091
983063
794804
618822
662350
810935
357442
634176
786757
253548
523143
784630
31629
852480
162799
80831
944534
847182
299991
515368
804020
181253
146555
602877
373428
843819
828062
613376
845341
918154
184615
887785
349626
322673
318342
931939
30749
274768
60424
774023
207683
845580
913770
321496
140650
678494
133273
919421
393487
346341
668330
616839
812744
548224
763146
573468
224619
901614
295550
950699
680239
727650
502762
410503
494066
758195
116859
878558
102850
191256
39315
949911
5400
543773
290404
813045
144792
841771
585008
757740
67249
687211
211140
523038
454047
611196
897465
26218
647719
70321
935899
397569
39389
600678
387041
189119
303566
236877
783265
300589
670372
327772
614008
841349
35147
444721
15905
580227
768112
697593
786229
128153
539414
138277
70477
579260
230961
917260
611235
532688
784216
286293
158955
528634
572554
655334
583085
56434
556154
623996
387578
122449
675110
856105
155074
729142
393067
177168
886478
857977
523748
875351
106737
261361
937536
40743
917658
800550
791509
544505
237349
65435
702944
377352
652814
906037
538160
58119
483693
673479
695892
405561
674569
616463
995872
753089
770322
490237
32759
547516
723039
835938
814737
858529
874936
215261
683166
24284
965953
424436
947255
138520
667226
790012
941587
605775
704043
673628
663491
892823
447526
655852
952621
196
691672
503276
400011
741710
247347
419479
846692
525920
139595
866033
402677
968773
840295
979866
229571
566704
540881
853525
299087
959805
419517
644616
320496
414603
691010
92571
822322
105209
252675
47286
537507
948108
598981
260471
775093
554520
894719
761139
349211
774618
374518
727768
529808
183146
269597
911930
732322
426533
924032
947082
131171
1965
471679
436964
918135
624625
341381
87166
139724
616488
83868
626740
654907
359965
763539
925586
290280
157682
531839
72583
53019
322569
88293
80600
288330
955513
709657
20816
384126
463490
904210
945906
554827
114228
997144
944655
448415
108043
361632
311607
209104
997892
469716
859529
418779
347939
196069
779473
79943
658291
162159
133164
132415
287993
214722
85014
76313
622771
693005
592488
631713
559069
516978
857407
162976
217965
79396
807044
170773
793718
749470
940143
165547
124503
887008
240738
703120
862284
416841
361669
231024
882020
2992
647008
346022
368629
923656
649056
906771
883950
24106
456583
197025
487604
471166
776401
50149
675370
170576
89696
500615
37591
271260
596238
952603
695792
981700
339343
488066
383035
320368
826368
441878
351296
217713
790657
874729
225648
757408
237025
557034
637612
75537
934591
487664
169174
305437
828499
998858
80922
266741
708230
364340
957309
39528
866550
46676
271462
631582
898236
258141
723418
234206
335091
591688
689750
416198
917498
514452
498729
495104
596414
304019
753892
652669
401770
31345
745764
217770
854761
340358
838972
136616
618873
325219
957056
887830
619530
452198
795336
811869
903392
608898
145838
96275
51048
790496
649546
164622
162433
116608
85663
308638
76336
719109
521095
927930
865965
534424
86173
491081
513096
574747
190022
885368
514961
993814
587214
509444
217642
522088
953185
691144
838986
258994
297940
166381
473298
578513
885438
863971
749840
702564
912778
517480
120546
383506
916434
590847
270586
133671
974341
597344
141776
326388
625809
214541
234488
809084
843612
385331
544341
537661
478427
410314
375837
789415
186619
892818
391941
685194
184662
463143
776751
255658
291877
755867
55035
846144
835565
876414
986509
841685
700184
627368
108705
505823
336859
677190
713987
861382
955265
561242
389286
975859
403737
732714
996315
526153
118015
145076
230560
221234
563488
691896
366844
73452
742427
871145
11123
846433
362399
484877
199932
196210
868636
915599
662721
369848
778114
87745
180207
147130
790092
92485
826937
267752
694573
124528
905463
252038
664976
214086
460296
816853
581454
258399
753567
664622
788047
55341
92926
138222
857392
224945
887086
924574
805619
740406
834216
446139
305394
129772
300662
186498
473502
411333
862120
305199
543460
323861
649432
284586
540315
179108
111292
491360
41576
180978
557298
306958
797889
89886
566381
100412
274864
174360
758030
66458
408855
740023
155259
964440
887958
147047
519970
388531
927254
719774
956743
313040
465571
786298
762406
135289
367174
647765
71191
19427
127421
199020
794011
33590
375572
405276
304228
424250
523972
337735
970487
205003
811957
830260
891690
837098
165741
834218
123679
561087
838197
206556
739215
793702
298384
446718
264739
905181
288572
302959
159549
738975
311376
953179
948905
579989
954868
72487
641478
786889
912941
514356
616957
102633
485472
285978
443969
794180
391516
645701
340759
440437
658092
923401
821331
84377
995057
632728
509902
734162
891320
718180
785478
450028
971876
187308
153377
130335
88139
126877
85158
989469
871683
494844
965582
546706
903949
445403
853444
797686
242536
751022
452563
832275
426457
785563
559098
119810
672405
988991
433192
815299
535406
183735
16048
119204
84970
737913
670805
993381
783678
742263
839092
821660
263355
192741
850523
818220
130765
308693
176988
754907
993212
663830
916752
836055
644060
976003
538836
345276
74250
520111
35573
583360
15670
852249
729171
711632
357128
847800
918679
527127
270112
649050
720697
486384
14918
917228
482797
100070
783858
422598
748839
53374
409578
948240
893945
835093
614301
211866
823820
363098
535941
451054
212431
456125
552099
937337
411281
256542
597667
228533
708973
648277
1997
258014
696167
225491
802815
745375
148276
62245
860944
438369
403646
918783
477722
388446
440114
546037
512075
946907
833838
230137
221599
117679
573193
297935
569442
225834
903193
144229
681112
461597
585955
400401
771411
974144
19215
479716
366053
416701
436645
429611
264162
410143
873968
502914
237499
332772
841292
584075
348955
13637
550903
184508
734344
523979
889645
8243
526040
213905
861920
735281
632755
417862
260683
630287
964015
633171
327613
670396
175756
919861
403673
586523
523960
672133
717321
644361
535983
795027
191272
259400
555208
361527
587682
714448
721600
8324
311507
7955
232559
588416
732451
89322
95264
320860
548416
818641
325213
894277
677949
902848
638994
309979
226633
258648
50807
618321
103796
423316
155940
253070
917519
948228
238220
428522
168045
138258
271784
996236
414748
117818
537891
648715
370688
540267
317491
503477
668193
190606
294693
756544
315900
227135
538890
250417
427913
104414
470265
690482
633590
897530
739216
742327
90671
647130
197487
364003
814749
884704
331275
304400
488502
418813
315641
424742
820086
456392
325110
916933
77903
139349
426755
68929
770122
583083
827778
165816
485444
973501
896900
830320
274855
838448
585878
624071
794785
304624
37455
830103
568196
105141
97309
328575
973573
942812
495986
914463
927286
627879
155612
478199
331905
647273
891389
363038
640364
762304
846197
760768
731932
489607
556227
873484
239129
127396
369523
464892
561709
980994
217590
443397
739200
547342
762171
242878
763734
507895
118140
887738
575606
136236
886012
933547
573503
62536
502901
705341
42892
905072
236943
179621
92301
220217
950598
603883
232638
742775
378513
912979
689751
427357
724931
185337
31288
278360
799318
731646
866713
296366
211397
245811
606614
137295
789822
12640
346564
852174
946116
21647
191074
20504
623700
79784
416378
818246
836167
793532
737540
28550
440817
66939
736359
221287
269160
260646
664041
374944
422661
902320
31521
503625
878754
811626
429026
204357
315336
612175
976295
587086
906724
295787
267267
856170
584534
371583
383713
242835
405176
113649
972839
889397
534067
721338
998784
65065
898230
272272
109004
231108
876820
682081
897488
699861
555493
929749
434143
831761
813447
39127
212708
900651
405965
993017
331184
186127
120429
223584
760047
588781
389256
943988
752129
816980
794230
159485
813831
133544
43439
669564
1997
788117
109920
143119
936790
746295
135815
679164
618228
626027
415551
500026
275703
168631
417357
17681
232540
2687
974602
596759
480608
764803
995196
972761
978735
26955
230911
196092
471217
412482
467862
264694
390904
411013
826306
198204
572921
652835
492485
502086
430999
282976
326699
182059
270242
311295
663573
394369
521807
242946
504795
137556
271490
677806
5715
977295
916180
195365
372957
529451
386948
929811
539429
886301
323239
107269
287815
721931
138337
14630
881344
86636
170311
311114
726158
703006
492149
722629
257053
605177
590929
913159
896989
470288
72102
523646
384045
959352
525801
547289
938158
2406
185055
507220
83867
199226
987455
183464
974758
531265
829294
29839
129198
789672
852901
255851
442224
575248
913428
743947
672243
654012
971192
176095
536979
521938
596578
823707
979497
701270
520352
917921
176346
365537
124667
924597
806693
205853
98840
336490
838842
86670
151625
775980
338545
602021
457103
35020
126069
876437
996345
902201
419093
174165
389093
354915
667526
661535
737301
804311
130069
196986
69556
794737
866428
89823
320500
841670
726120
681454
856078
28289
584875
33331
54726
598879
724385
830676
421761
274318
346601
591892
151970
826495
102389
252078
300721
981475
803781
764894
789002
650346
152393
501386
360763
101804
226624
215876
278885
828751
159221
140858
802810
847713
469276
817929
440574
645175
624718
237257
89801
150221
155151
951189
466570
910992
573503
141911
25386
1212
693028
633069
647921
214307
30018
451402
170087
458778
166292
57289
857159
205375
882737
976197
598928
693332
154309
937206
600242
370771
830966
101522
545560
197707
798953
135356
793407
452992
354206
847922
37085
132762
368046
748475
551506
939460
882237
229944
850340
249877
666046
232037
498394
974523
757940
379754
267665
708314
203254
587744
229667
897934
521796
885898
682596
164375
439477
833038
418273
515174
840543
797539
311152
677949
114318
577636
408910
841750
564858
892492
788558
280493
297223
879222
986322
22960
298209
322561
464036
364325
985827
832916
49908
784203
900692
294684
451247
864620
478890
864697
263203
916365
905442
922205
519063
679936
259891
760297
15166
756900
288574
428994
882314
163631
418643
451634
539312
744303
847962
358303
930628
676634
555974
748483
390696
320830
418958
847909
790087
971739
368360
62133
967203
998881
938811
543546
336030
359428
985798
833554
15081
824303
976673
303558
735349
380657
471270
47235
962428
636465
236178
667736
82965
514475
872113
223534
105165
521698
848031
35360
315471
323875
448819
507621
583273
746549
385097
233980
689097
34788
456869
462348
163798
173273
170214
430034
241638
300183
345198
436478
919151
185545
187216
855395
317004
888921
805785
466891
10161
92432
731298
709504
386631
974640
313294
716857
38318
905688
421232
537257
810929
724507
270738
666721
536220
743528
665751
755243
312182
950509
323389
21985
894496
741932
82102
615113
517681
139603
904627
526881
736531
257934
887897
794311
409656
244713
565755
231641
511485
648084
56111
264833
928691
296409
518545
668134
900591
103556
864317
209371
411593
338888
340129
121943
815640
920696
32855
110349
378679
592964
643535
516495
667807
648209
889679
629006
583652
930542
32524
266197
112443
844753
187823
775756
270694
386477
441071
415064
77175
747509
879366
226930
459075
109245
755560
25820
677923
401670
399636
648809
200877
353750
