10000
155233
572757
263824
845847
566303
641566
966526
3008
341122
621393
802941
600664
990445
494389
821326
649897
405341
310714
925748
59369
628659
902177
454302
966296
851161
960977
773570
655999
73039
406775
811869
401829
522973
482328
584995
14719
539838
220797
87959
430344
608266
797832
48970
531707
623961
564906
322572
813044
33719
51143
209376
711670
876676
521783
634564
580731
447278
921212
719152
664616
597184
456348
216410
714726
383390
751894
568361
490751
300903
895997
683327
560739
208062
458775
542298
601036
187721
747710
711152
984921
355555
736139
297973
288752
21003
231015
306209
625398
412584
479908
574285
339638
473278
423022
959103
39070
721099
569931
450847
825683
743540
142208
284337
677668
128419
668098
131112
808406
555879
298975
746662
117902
242516
300089
314342
469209
218420
72963
969914
183162
406648
535236
637022
668959
914534
350650
436895
686458
98058
499810
298910
267542
486586
506277
934198
243628
132916
750384
569099
466304
768584
293623
508729
641154
454628
783393
956295
773153
70849
415757
633550
896152
971597
648987
839254
925855
851885
984658
546670
178166
676196
550044
499841
428816
93319
741743
264125
724353
386091
670958
936056
37683
475595
218920
156894
448906
33549
718941
792568
45942
689207
222618
329973
185553
46310
943958
814337
576233
154541
933959
204500
253494
998958
711582
947619
263962
894294
750016
5366
705973
653862
408174
801406
357278
83443
239074
770031
192254
485933
311881
88430
813428
500981
516773
453070
950216
223419
908433
68059
809478
955265
374713
756951
891384
884124
760772
374647
269781
833741
812096
165406
521344
526445
595436
46756
31863
365063
252848
769315
209832
25254
984600
225808
525895
513613
285424
458735
436599
393018
972777
48286
330353
209807
42325
933602
558129
796530
806524
906424
930003
942311
301659
435042
944703
745315
545235
210891
9899
615238
821561
338100
395836
285416
943782
352183
453260
537317
996136
895127
785088
422945
38098
782958
451284
377231
835036
503034
353143
284989
921289
366327
678472
699892
668506
295774
211331
276798
764419
150112
211417
331826
177180
287669
705638
766612
508104
36704
591900
244169
341095
665736
516615
285128
679018
519934
26796
84806
722770
909094
353847
749404
63744
734427
343255
867886
255696
687689
304250
126280
405543
568178
527789
353879
635139
19126
146851
380494
132055
305186
196749
16839
944885
416420
314857
265147
353803
838324
999526
87964
218737
592461
979011
234518
160261
934941
487374
431690
147981
658316
593575
477828
132886
699381
932032
973474
772919
999564
717878
8222
511804
410836
250585
976199
571521
449233
542121
927343
508906
896972
637538
126146
135913
616829
922151
317377
420553
154236
73671
572685
947511
796630
801443
75020
592312
142485
380325
832083
948886
490603
917666
257900
68975
392292
566646
78191
80284
961533
453140
467060
990783
537338
141635
311087
671347
893233
713777
675585
667657
229206
383402
784892
193791
201409
354053
641233
304390
898871
826952
938498
570453
809832
334282
195030
450866
892183
383504
350775
705275
595541
134423
262019
340213
81919
155572
717690
560297
466349
144621
290246
372661
985170
574001
592082
171838
155123
884000
447725
374991
24990
510423
672040
255816
945714
198142
431239
487621
379952
734746
688537
785538
454468
613391
743969
825787
734346
77267
623887
626839
914425
674533
810414
744129
850575
394139
564029
46175
512501
330216
484636
825602
741980
336119
230960
586443
819857
246177
813447
43342
395093
976739
110767
726104
556496
247230
937012
51815
309383
945697
126568
119339
748618
712940
697463
181949
415663
855283
761246
491463
972327
772573
595629
480456
353901
620519
627749
252916
410801
68211
98123
617279
921468
907692
646578
663293
894840
130828
179060
312269
492628
423843
425416
400642
880755
64422
996939
201573
731887
64074
825282
208784
75378
760279
770187
173226
511051
786623
158927
339883
572465
246668
741563
322423
181673
600048
587692
686501
897115
769000
86679
146514
492206
543429
388107
451963
195913
245121
301735
831823
257614
863497
528906
211664
503995
223049
600626
35106
171784
357807
998621
518669
697069
147995
402190
355567
823677
149045
184313
738364
565168
681999
618147
624077
456312
714897
453246
511038
747739
957934
291049
701278
20555
409583
597662
844533
963933
150897
635881
31364
920147
377259
258055
514107
105275
660386
396676
885115
349164
363912
763738
221151
5355
586758
119530
441247
269835
470836
412257
590007
813814
464940
764590
485465
534689
461396
872911
446869
768189
191306
864108
438213
749498
340054
644178
266587
321438
507304
41786
828
205997
524493
192222
612062
470414
794813
598226
367731
585413
732197
224404
323127
369230
587184
644909
180818
858267
357509
162668
94259
991639
827059
645496
153785
617350
856288
702639
307663
822816
202838
93686
678828
481593
464452
757587
244560
806288
488484
661731
511554
814822
776630
517416
95029
874557
82831
301597
923052
440164
142367
505173
94598
188349
709336
344396
817260
654615
498910
650394
883215
774827
319839
658451
6662
229099
328832
19653
322109
563792
780638
626013
188116
110102
285013
596908
471567
227508
44159
93274
708711
156246
219443
400610
609327
489960
2871
386048
404999
424242
169395
50108
387227
238057
690633
712890
662430
549508
650871
900620
51670
255161
324202
215934
189413
291927
340306
329994
880396
384798
19778
216890
894492
907624
320352
361595
518599
849996
406281
148181
878876
571388
678213
308397
796961
644456
80353
466724
802744
525088
282101
187252
149550
304294
790222
167623
653341
939728
840586
737676
34337
908531
214664
957481
736973
28532
924478
702400
530144
867325
836920
970834
490106
816847
582626
929650
679082
710898
400714
255952
676849
658267
664117
707030
150836
387788
724526
605831
456843
681003
420304
724231
623308
69210
847817
868190
865019
881364
760015
674052
96807
413141
321406
626910
108264
9313
144166
400534
872232
18458
121946
862975
974722
135271
429667
568512
753389
425866
285741
970806
910511
315050
914006
426345
947589
841492
497265
268087
98050
869238
154937
379628
522294
311206
322706
981928
473903
830438
524020
840432
831378
543760
999214
618387
987403
694027
753588
138163
536431
806071
204716
598965
154872
119053
955695
364065
242308
449053
765657
888546
153484
973145
512894
92838
270666
768669
68939
268024
674839
66838
732836
542754
301115
248673
841410
818728
616837
272279
698057
630514
34867
349581
714543
784687
256069
100418
635921
701624
978200
423648
253636
68853
118258
270866
97009
231284
699353
818100
930880
496567
103722
511083
31163
411882
649342
788849
151401
777062
779369
24350
153374
33512
938741
272682
229839
703081
363377
990761
170481
887207
492785
353042
129037
571192
897612
633957
849947
81272
17152
409654
535507
835424
633347
888880
883449
13020
494010
541421
248518
201989
595380
191868
203707
241882
764664
540224
37554
670534
130089
753634
856247
952752
158290
267087
233846
329396
299969
50991
868222
981628
270763
891534
136490
400236
379567
478580
633511
308801
876149
872317
558885
826461
155350
958065
933015
483879
788974
254184
209552
727437
28925
989797
57882
555568
925942
29167
621142
313514
882539
222512
443257
897589
118891
502696
288587
292202
887217
458867
263516
417201
583777
560202
369940
840250
882466
486806
358080
76208
327528
452591
513939
318619
561075
532758
271396
849409
450751
471610
929497
322994
295596
850035
299003
325492
80686
795972
717346
873721
148237
955505
71353
597639
304905
453086
660070
705091
53069
620709
468431
714520
798288
964424
646510
642187
688397
833037
550081
838947
702007
376825
812376
169381
770177
805439
49009
872583
473568
858218
812669
887122
26634
539996
457998
346416
265721
886594
497365
810927
295419
88420
867773
8375
641623
492551
687709
197319
856284
333390
110497
116072
191098
179879
943713
286720
824200
182420
570249
212108
826715
889998
90677
795349
570130
332606
125243
73824
948234
82978
500983
249095
970129
781486
533818
953026
528616
654869
984681
527989
373176
576809
509234
765542
991785
212183
29100
19058
629740
29705
729794
559768
727654
144640
391748
716002
712947
361554
866577
508620
914416
338731
252709
422380
812979
505637
943300
273986
22462
193358
437886
361309
895988
792718
205243
601411
417217
335802
74288
740918
270335
537024
370331
953674
458218
38152
535670
252550
183229
365482
714863
991162
130452
593040
75106
9479
271249
406681
852225
597592
753218
80353
378151
573308
276522
597235
691424
510512
31780
807922
10663
792730
887769
135829
850624
256117
366349
892836
973013
597018
504058
150156
721614
528645
883782
4396
619620
605761
317805
756819
49037
446932
768649
909361
15452
857112
898753
873669
521383
5632
409909
73562
808462
738961
868473
112290
823722
517508
416849
907650
468066
249543
572996
92635
376113
409583
47671
519142
328794
658718
777244
310554
970510
292048
454067
249423
457258
932980
476954
579694
982158
755787
398744
917856
956607
499327
301895
447792
340779
361140
612871
255011
536886
170868
709254
748406
135613
881449
243277
281121
104246
31197
856543
487874
381659
524349
135139
658701
713400
935163
230051
413943
175457
259831
924483
692718
70663
980327
641773
246543
670485
540804
581667
767552
681929
410214
321376
431334
738813
15063
776306
973231
26557
772242
266034
998562
616502
457238
730776
739421
24561
914571
288015
930944
584161
693712
922072
803475
12941
650699
974721
36664
277574
705186
147852
745886
331875
994750
480873
115992
851826
540232
6952
444176
312002
634626
797135
443999
158259
825713
69918
372627
75716
844921
146258
543021
579583
222224
491765
947363
887001
96851
715806
259777
13101
152651
472864
184908
105582
819838
644231
289499
832870
612836
643123
547986
332159
328905
461270
938651
377572
296548
948842
512539
186224
276867
180999
758556
282775
968997
998447
271186
22543
30972
438122
301156
365711
905932
345520
556416
641588
988541
845850
450749
671929
279968
138278
288564
543051
112762
835043
283065
638089
432409
167385
282259
944267
474827
501825
29807
663097
611348
219886
447191
438630
411778
866913
114876
672868
513680
387665
70868
492739
292765
445137
431728
932542
564839
47536
862427
817629
718321
324076
802972
551185
706924
649136
445523
969052
128717
45031
167398
14799
237748
162976
128196
173299
753957
986112
597278
135804
229825
315793
328600
747006
248647
752293
549533
435218
829448
595704
187712
396872
341047
526142
287293
952487
785460
830874
508666
717671
370683
480359
78699
130282
911664
998555
673682
823423
241828
100590
563134
566947
712406
429662
272669
826418
782180
932340
122682
391965
847535
693815
931094
689821
389616
584759
614509
45275
598954
703381
16907
598911
243026
36732
800351
596634
119209
597710
304181
493439
178298
595006
773324
45983
489719
122716
662353
713254
365292
308366
295289
780579
696794
24739
101595
918588
835223
57317
14962
423779
582811
793030
603720
847964
654461
817936
598877
503976
233008
648944
892330
904868
613033
997667
244440
350044
145815
710409
532625
703024
722815
258396
824414
949317
784478
286159
867434
98187
148172
699836
646986
55999
826100
237839
266216
725305
365285
813363
42687
765277
992208
69494
85989
702474
787828
176768
844679
111580
303778
704778
568192
661202
156146
686886
96991
342387
698236
742250
574265
969664
324104
11614
195914
395104
382588
645364
921275
346843
141003
49084
621999
882655
520836
92336
638371
866156
547749
14479
35592
778550
249748
45348
405043
971262
820265
238211
144048
459842
426853
169344
182171
754488
368740
958546
929224
53730
294098
931516
965637
268277
128532
567727
761698
23860
668757
58748
99047
53693
404469
302737
911586
457826
74955
678028
149900
359134
132889
473372
955281
57138
509536
153552
147145
632217
387902
327930
337834
635796
858452
948490
583510
880986
160345
851892
979617
888821
865719
886230
517005
135452
62359
739792
464007
806845
569860
922514
651267
835116
754710
144717
228960
572448
447180
296891
278637
134791
362742
988177
559699
696715
931892
76005
772445
9301
976147
141252
11651
506438
45202
369196
752881
368332
649368
541674
934930
452408
916858
91771
31923
459766
67157
458051
335130
36916
871477
548246
933856
941667
424865
545061
875854
275279
705162
957987
979642
201758
133151
696083
827396
590210
521581
8457
339159
960399
50562
734770
143581
858200
626273
470575
146227
413325
687017
45173
865658
574552
119405
129835
874527
174540
783101
492255
682304
266925
557517
181767
603782
261951
354970
64783
261115
509770
823093
471420
526098
116722
375612
914191
842550
75255
99236
940500
227244
333484
734567
194378
743342
161800
585460
446923
399152
950329
84199
170993
314424
771470
85770
562216
403659
809428
362318
209969
440903
167291
475776
710460
569725
807708
999309
745281
152345
413480
694754
695442
326537
591910
129130
374568
744605
810897
753255
115914
200137
572326
176709
123843
725369
830834
239286
169540
654466
603006
237071
881268
241057
153202
586919
22959
921617
450281
365524
492249
450698
948043
211372
785829
510842
685808
642184
819413
368446
464176
294251
793993
392551
65665
966561
715117
503429
744040
498022
73578
110968
733474
507214
167550
236841
499156
887883
585594
557469
385558
634491
792380
342295
680745
332084
141199
770931
72166
72212
780498
555173
473110
20468
481532
737529
5820
448497
910238
904706
75118
209999
823041
500679
819801
81682
401419
130108
241923
556320
476750
161495
627126
576173
733822
300905
370616
189445
382700
109591
962337
631276
914211
163918
528104
624452
901716
416082
914808
922066
757400
55215
780506
393400
692408
552555
214186
924856
219563
8352
570737
843127
912101
416600
99830
741843
504614
446043
285007
923211
315873
407828
711262
926353
64494
892678
450399
430229
30183
854374
840101
601677
654862
281511
968694
441201
526114
876023
105764
974999
942798
425653
519340
700643
605028
596115
509041
305879
344317
194255
506301
827666
759958
906287
818099
93520
533027
473247
919683
927084
753969
103785
97787
301559
60177
926735
265813
445924
72302
105721
539341
54986
261000
316260
403376
244604
61460
158821
903053
698602
674759
701104
393831
729912
831970
233298
286034
487972
133905
695304
303335
14125
136920
441974
150253
100136
295016
420510
928737
372507
184587
1282
110253
748993
500510
65145
877488
865810
232242
897773
589111
224423
575566
750821
26592
67459
158574
344026
672593
576541
418582
883761
403712
385077
261341
132893
415349
58642
824570
572028
403370
29977
832192
521661
713951
966123
321818
375124
872962
485251
502939
734007
482095
271693
385247
661202
415540
633655
745493
495344
628395
221560
636633
427333
88311
654905
635707
154187
144776
273258
654864
531008
101146
400810
817283
810817
204964
248734
482964
32301
121191
632045
958706
235791
564859
467857
68921
404163
980686
843986
609624
575100
18718
457284
343077
551591
196261
485349
619103
514386
559813
709145
595036
479385
986930
858770
354521
282225
667719
209498
212216
93614
136017
291565
316841
282266
137974
461012
366514
932907
95632
559190
938319
594238
308518
299861
107229
387203
423656
293311
250701
432898
227618
720423
197919
219420
926060
564137
88277
301774
772295
335404
388893
617712
809557
896687
454581
730169
893667
247051
199201
852545
481753
768461
603012
123329
392913
488468
728868
354549
864176
364146
115694
946943
621962
984365
693377
651035
719634
986352
238273
237610
325975
328497
508402
407774
208238
374541
476448
932706
359415
80434
415457
783960
271788
244599
642359
291693
240548
940947
265993
315293
451211
545187
579506
933449
231257
401403
424950
793346
862400
329514
539650
440666
996995
310784
500341
756767
42223
766814
315819
329532
23225
652951
320664
46792
937233
829791
945272
986777
701831
585490
67349
339604
658292
537283
538915
516025
256955
739404
588889
704901
296838
603376
81018
180243
993627
269421
232411
908877
209135
906221
469953
714302
423408
250740
938250
716606
204393
23765
560192
141063
357799
644771
2956
737959
11496
189814
731060
119390
416848
577214
911794
955858
903471
853101
80840
565614
828289
949053
57228
197694
950082
597860
346780
752922
991848
908283
484674
713592
557532
1176
507560
197516
90491
646436
100876
898767
971833
438732
296365
802399
627216
614924
349918
922980
361818
893834
71815
743015
25602
9148
309501
61666
591656
948705
838173
745352
748342
667839
634731
225309
395042
40203
409158
95071
250331
830910
136088
940795
95578
7106
435057
693241
933043
75736
210161
140793
80767
832386
685566
298902
366345
522948
831062
627451
753623
150753
227430
156745
45197
438640
482914
732645
241126
609108
921883
328465
775584
32661
59302
840296
562744
695993
347328
358010
941229
893005
880543
430296
48387
248118
572259
438146
501509
549134
136430
524661
91713
726615
594543
924798
993727
872802
895469
87876
915934
934106
663235
795984
450280
731859
941294
329129
719189
916139
948906
477664
577513
999881
477137
828414
760754
62550
838845
37504
146839
298373
999208
136853
730854
92685
782392
128185
708771
549685
897614
37868
628958
476196
833324
589085
484833
4790
150728
382645
351293
326869
860915
161662
886524
397116
942830
277046
865956
632303
70249
680530
408989
690108
128762
477273
486864
601048
829478
79501
653627
549765
696916
517509
90010
176596
465854
361816
593310
109774
764497
621343
698798
271317
885912
651150
739009
696868
496175
112278
964426
130239
115807
695543
116838
149161
221674
53641
989588
239772
366991
433513
923396
64492
382314
896376
963152
502942
701347
994389
96275
613038
196448
216446
496357
322613
823043
602012
870867
254998
349030
889670
299964
633037
605102
801229
543559
429796
192016
973344
160972
237648
895801
389101
79202
487621
923580
82315
552152
359785
966168
117598
731381
11940
557871
800182
515843
935304
523691
738092
755710
45502
709025
817732
870057
529285
55146
27115
968256
18058
908516
159118
170135
399646
115812
80848
193575
906591
143102
586370
167766
4632
612964
920202
195788
917919
893901
241125
660967
139184
946917
656151
412135
229809
646983
941691
487133
150017
322625
563223
641106
842752
73190
616085
428004
796923
655206
450807
644264
586775
455083
955967
464442
785745
16874
430650
730937
754260
430826
469731
650349
26655
743651
959189
44859
318685
741847
216614
438369
476167
397452
588522
798814
109742
890348
815977
885032
681165
239085
459877
370058
781444
597116
897476
617343
604895
885363
906047
782201
217418
896522
739482
742685
739993
428880
415229
158312
180252
183867
241856
910726
491544
955574
989874
964669
544405
427441
847436
940096
171250
617700
879267
549784
451295
901299
711292
418493
200240
847196
517650
484750
488658
915883
509700
353539
838434
295504
342250
984041
712174
413937
576752
994400
623516
257460
403827
390275
359252
403412
751132
642655
552951
628066
469199
364680
668072
131464
414142
395993
390137
812204
369088
770878
114999
802684
44216
117731
401022
530490
513806
577980
199731
89069
675667
935850
212579
956439
84312
996900
440597
188718
109900
491936
956254
491313
30001
636499
585752
45042
303672
687641
368929
233998
178563
371117
56244
103413
584709
793226
412771
48768
958655
366171
286143
449217
978070
327732
521104
901831
872585
476596
982666
577739
503654
149152
692896
637814
141409
802734
510008
87572
632691
137777
813788
823064
507238
412608
225952
511189
899819
319158
974491
589773
625602
406342
758279
862572
151557
459728
743151
729229
630107
812681
382177
725005
30700
388863
584637
894976
352540
272260
149756
835166
988208
18007
682699
693455
177308
788856
836418
789741
839459
53642
983503
509221
98404
251898
288975
481770
286637
620001
296206
785915
652820
900493
460983
141020
889798
261033
744291
502625
648085
384306
109415
604023
476668
404606
512162
989319
874170
685326
999695
985107
976558
747187
496842
936537
509270
151865
115321
947227
207533
951224
652634
961811
192549
775299
680771
252767
865985
273770
350968
902142
922986
349177
955703
881164
886593
796069
778804
69025
849764
488433
254618
597636
187518
433139
676223
781619
255820
421494
262290
366642
20997
818264
127759
356559
908881
640105
559941
731878
127179
663504
208830
191322
129194
69194
275477
586308
57517
231238
485945
406819
641546
19829
765808
162614
449291
937335
109367
861714
720353
199820
535041
424887
86726
822076
631853
389026
796370
833312
625182
589142
620283
660022
489859
306715
70119
134470
34672
92958
264148
1939
627627
115515
615483
708754
800876
378480
225967
820023
179099
205989
760704
884986
363914
960197
668642
399807
604823
941224
463355
661911
698444
345359
332706
652604
316843
506324
125193
106717
785754
101268
621822
848517
920325
806136
341689
9768
864281
946638
89009
113884
957186
148882
51891
918727
161088
442264
54863
925051
782487
737211
558273
692240
293900
756499
586999
460607
154673
411860
353299
350284
299557
465809
477037
810360
981178
746305
916531
991645
58447
683817
18017
485542
168461
579650
327172
16591
650786
801036
30271
15766
493450
446520
159142
253943
918516
790258
5771
642268
817998
459620
193627
315892
927400
713297
784967
753390
498322
440355
175871
485181
732809
417541
213792
392485
714316
75752
441607
906778
297659
455667
577912
334024
327479
181770
632725
564454
173919
458371
860450
74653
321650
380962
430314
571582
75379
469865
957457
130208
499821
397058
753752
665029
139949
204119
373528
901306
244629
301534
953202
481294
616
291839
327977
854819
92748
225223
766565
69661
47566
146854
422031
204298
133946
337951
339072
629224
208373
55581
102848
124081
824654
241292
532583
12433
746136
529806
560856
678238
763190
322058
386574
513464
360341
583297
268616
942833
43543
385398
938636
762332
447971
784535
709015
123534
25929
213802
133258
535485
297018
210242
868489
671794
794989
901631
518095
935457
955858
241817
992611
755567
744549
868535
608305
498301
712215
196792
215243
913189
473840
104646
25877
22483
777284
614582
119465
820176
724016
804762
877576
550159
77585
104184
820154
781929
851662
366776
936477
64534
433474
406922
149375
39363
177491
251534
186024
788994
382756
764421
210091
876279
768583
528078
138931
545244
130672
823407
423404
218535
935527
162108
731239
842251
826038
213883
705395
31081
977009
654849
194137
238352
535118
957342
442156
446817
273172
155035
175672
354429
632260
582861
705150
274774
792673
896409
524694
227172
422687
154393
997612
674349
895842
517749
373080
647777
842156
330933
172542
521703
169067
265906
679056
653362
868650
310439
505378
129194
385173
58414
754611
542718
903302
725688
136857
796249
508100
420766
37097
639816
177188
593110
457610
764995
189807
145448
220715
789098
587672
575646
9077
238680
874011
813390
589195
347610
87303
793798
180082
47463
135897
712792
738488
851734
524418
712404
307138
484440
490605
469239
666753
458610
480151
206386
521069
516804
404014
523189
830876
761167
892390
400984
834062
147880
517744
571830
488944
960258
434345
495716
770012
575067
68132
298730
140920
278473
566939
244375
749812
651042
80938
292689
38764
238866
348626
902415
562403
611450
766421
389413
597628
684711
834458
17233
894078
784268
183781
675945
395560
410169
207982
575408
363020
523507
837788
605467
441416
390152
559682
966056
870954
989875
583689
833245
166718
794963
54684
796721
554650
758131
787842
696036
540514
769437
592953
803711
366064
993716
522542
475062
382623
519293
623056
232324
621089
279733
644895
672193
625052
923400
140800
78157
958281
57540
639954
19544
686839
412371
362829
995527
627536
219754
371139
750711
153817
327211
714333
627215
518278
542404
241689
927185
205322
691433
6480
277158
810191
337966
57734
37691
559181
709639
260256
29866
786736
222357
522459
834442
642500
300985
586117
715632
614973
406774
117561
810246
810350
186704
800573
992502
571447
397216
770949
249505
276155
738792
473156
140984
327069
829650
906789
447867
634839
68581
939353
92155
39233
969445
827080
536251
700652
305487
500616
209927
921532
764644
470827
225414
121938
364253
699620
53973
247491
576670
888325
2312
568508
99591
572289
108500
710060
329217
658402
948780
632453
412707
932744
117241
248784
259430
890216
978869
152208
416088
577353
934560
912383
928983
5830
376933
487654
508564
171008
455413
742010
466511
515555
947756
787136
110731
805698
994613
252229
570198
665713
312172
738727
947771
717459
848587
870275
374503
508278
925004
620585
545575
821160
379665
638633
845419
730771
460687
210929
744410
808129
668796
262857
378491
284572
120623
97154
275730
562329
574096
735559
995340
393735
840811
976235
772225
153024
497113
558391
971376
234208
156331
943637
344420
776116
311278
753150
429819
206376
636901
664526
978316
581882
579758
612173
130004
897217
551683
540766
155574
849619
106413
1731
593188
406559
396275
801020
931762
212436
969677
98797
2530
583462
421157
240666
43842
790857
515010
413150
191581
792852
622063
872232
793366
215727
434684
28515
984617
416504
979579
32919
118069
639229
78015
146999
875703
602699
144486
743123
741315
232341
622574
336692
151116
565791
927099
827085
329493
207752
770450
662662
992849
801715
914788
563973
880143
315805
913649
179979
283557
627057
366396
225807
602539
550934
206585
773841
353303
212582
519966
852542
533043
382063
122492
500051
219716
712616
932492
761364
545709
453098
314024
924696
720501
387677
353484
914884
241237
785398
993804
288956
446141
700055
836418
804790
199936
287893
749466
570361
234621
956032
39114
752065
114065
37450
940614
712952
305140
194701
911056
416678
841285
58210
391451
553908
148099
758972
882460
2673
854427
675543
238474
394726
826952
285192
22660
332725
562277
973621
905092
588305
567207
156298
411559
700002
562310
797274
326947
159374
717823
834164
405161
79494
385744
422178
235274
229481
415941
169693
377595
44295
22458
533150
814128
903776
857087
294327
548608
634849
67092
245213
508325
33779
979978
435618
284735
170967
601408
307372
340612
790315
856131
593962
914561
790035
858406
977634
20109
479701
130726
211814
297576
961856
250495
866602
355970
894452
852125
199162
512232
397096
233062
23096
651391
680531
3947
374412
408624
72751
300063
414638
34145
235684
455223
11423
709636
199115
258512
736221
29791
61465
669608
599200
655946
342029
131008
263384
265968
489525
766763
827268
34328
405839
128144
388653
540826
584349
261946
723722
213351
266008
349841
878893
254702
299171
342113
441669
462037
148938
131279
160344
62336
401668
498588
830069
781539
588403
933856
998310
901419
336237
516348
261135
727786
265973
501477
785110
791717
379884
761775
757506
432782
855494
43465
80041
330133
825845
898110
936199
496100
358242
151681
408046
506571
23776
844282
845984
379723
832914
412712
173730
752907
924519
264606
994579
751510
643317
702937
502121
575391
436537
908858
477265
354434
833429
356932
431088
496332
769499
316221
554884
679679
596105
351530
12479
137347
850958
489781
477192
16442
390733
362149
172090
206348
373642
251393
129237
798390
954828
497352
630220
884955
684604
274814
715153
893879
82779
724541
694914
801295
963047
328918
675776
703000
462600
202384
96641
905070
569312
128915
560636
493569
423639
71403
677784
971700
787910
979089
260435
151449
63023
422191
792150
847636
801471
808642
218923
68375
998806
36541
192781
62244
363105
781138
955761
530572
714867
463415
797244
15796
846688
399014
289872
661488
306118
955574
418877
542085
991277
526838
918543
241521
184839
126208
95677
448968
225756
224620
133175
691529
435067
109829
567586
607771
54416
618559
634311
681808
113936
58314
8438
18526
514381
742849
23946
109399
887358
692907
525261
803998
311224
622382
527234
992537
518455
697882
748749
231102
212044
725539
104463
384843
158465
816970
269991
822212
457806
998237
176702
180769
772373
512338
279689
927387
672211
909742
386251
152680
23454
138002
727671
779793
478573
136037
230729
346471
147947
162372
83449
799939
726351
718806
940237
707805
2800
991773
766850
424255
437558
847189
783921
322594
357714
405943
960464
112463
148251
574427
680092
843390
862396
217659
590564
951240
774664
185590
468282
613219
882133
945940
873715
986392
950307
772673
359794
596662
579301
719118
129262
734834
678590
613929
167809
398195
551744
570113
273039
93153
236274
266022
802421
637124
523981
949117
4916
466938
685134
168734
671893
874291
235916
960302
438852
438999
588598
124897
855187
725492
837813
926643
991526
603989
827048
613233
132309
342986
320679
865899
180864
730136
796052
885314
921372
567256
627899
396877
65963
22767
344096
905223
899968
157944
707697
566857
794709
596414
661127
758877
856432
695681
581987
198232
657454
180178
90318
425591
875058
512346
516895
934021
691534
688749
2110
361077
268475
11726
53243
289727
72208
758107
503184
823419
798709
213220
540749
786283
664497
729026
512817
861406
161943
711975
665425
642168
609384
705836
340405
729056
415651
427823
471082
622079
682558
196131
596474
327930
185
969600
143559
610120
122463
293235
345150
83817
90615
1887
76023
850839
921766
774943
133237
147079
506764
43542
740368
408850
275157
255624
200095
740047
216834
149963
510472
225869
177144
282582
672485
768762
249945
957922
836332
624168
254054
670337
997575
641470
278766
307865
544030
550761
91371
85831
818560
621125
9050
317526
987763
591941
862219
862031
228722
157067
357806
732543
684861
95453
75734
700965
189651
257216
641540
341246
664733
886815
397090
502050
462314
606778
775481
700015
482759
342431
850939
209713
771015
189815
293402
27664
224391
951837
626883
877532
306667
342379
337091
44333
139410
507525
9567
632349
209281
458972
435236
549434
180662
447765
95199
149074
386666
403149
897093
646303
354192
869210
521589
948800
87360
382828
201172
210345
841918
337067
920608
361124
240462
760327
541761
480738
601295
78358
687404
319507
945745
454837
578724
327418
795212
487720
987805
712956
847706
344181
231912
662767
879301
971268
953751
810357
236262
558438
859971
530367
653356
121950
123955
905445
982328
287720
904368
360179
963975
212722
170486
254919
449133
29127
373540
794662
678821
969975
59217
625442
273349
144253
962962
864922
317809
644964
710501
842491
717092
492474
530449
664346
439647
666471
880824
296922
246516
577434
272293
553422
607564
777920
94497
690785
327647
254348
443399
972914
434613
578707
860818
132127
341782
420056
481745
257189
532676
869956
226930
765417
410262
29237
420767
280905
122187
400122
22333
956862
932263
719522
271276
244939
289815
247149
291691
473552
85622
232824
376554
542025
926806
172442
619350
154783
688339
29298
580143
331678
3440
822290
404286
443296
648878
657075
348010
707534
12578
292536
580658
201923
249536
301812
25186
950253
720666
224443
352009
701040
439443
801630
201710
276711
671804
473185
456574
97860
667867
46090
252143
421841
24732
402815
386942
758334
338506
824795
294739
513599
934925
561700
867864
28832
93973
155600
504034
392008
864361
169968
927801
744735
80109
545587
818541
382227
308584
984380
612380
562117
763053
811077
285451
93486
878588
111948
853740
290601
387428
328843
415122
862420
505907
141917
728902
299196
681317
52185
647756
420300
85352
461104
631309
847776
789101
280782
127821
149532
681096
807896
803465
800596
632250
847053
264478
81865
73639
764821
207456
890959
657760
101387
676480
194032
611371
156774
729576
104805
780882
411736
841156
486137
749932
814365
491735
726728
754220
385499
239798
183224
249339
747154
583901
826861
301688
818225
526844
595730
448850
560519
485476
547571
793020
54430
627247
852763
17847
162532
46948
919598
434368
805502
951602
801398
734345
557953
734783
410926
89524
615314
271121
102108
721181
255233
286729
290405
504091
174238
269877
872034
576496
500048
247417
358756
677677
809683
782981
222378
238742
983292
304109
113853
591468
654670
136442
801680
732038
514763
90653
850289
678270
996184
766902
402184
595366
159299
664896
401251
145077
64211
541732
534954
400418
757584
587912
742718
651461
561507
476405
738543
215063
882365
456407
90203
478539
457387
773930
746262
410055
557522
973909
449978
189376
782186
85800
594194
206603
109623
595331
792609
40461
193294
69859
863316
643381
741011
937209
316257
719720
751491
234161
482360
998631
318526
549396
208722
896913
760312
642610
494437
136464
80346
872285
601148
404876
779180
227704
651630
382210
202537
929845
899228
199374
386127
356585
358572
696887
853417
212965
161666
972509
466092
999892
277669
733964
232399
83506
366735
139170
379957
594941
204343
9034
106228
476012
706749
332899
414109
561969
375642
823721
470352
794135
406326
351666
693938
221471
299299
441695
395868
252118
142460
213702
646545
823101
66281
34074
197463
165253
51611
90816
802057
229203
10759
23990
375107
284354
314074
832547
122940
763976
997057
358424
349284
739705
29431
341797
687756
6393
645050
153402
327772
59453
304462
466881
464846
13123
302306
889175
763880
191985
625129
592516
460311
49852
526710
480678
27179
809961
849590
151649
700663
408656
326583
690851
414931
184184
287659
928437
108768
586035
711559
74516
388756
744662
872734
824200
909597
204506
881795
523497
399473
703954
804348
707908
190638
763574
948491
111522
697540
282832
51572
441996
422249
134338
662859
691941
713413
68850
569563
494789
924895
613443
216488
771693
775560
495205
348880
824275
673444
665561
518435
367467
359324
381257
431093
925548
339942
636025
760792
851535
289856
779145
647250
497408
654075
354509
563687
411284
707055
717029
226098
428209
39381
792703
738066
815897
379541
855801
227630
89564
693143
845956
792326
372226
189166
601041
625750
340823
581560
377257
893171
643830
272726
687195
810084
69918
480283
611169
541705
250699
628775
727543
884147
679672
549701
40655
885663
488316
891990
381661
47178
21190
523756
789856
24422
435023
918938
345283
932656
521062
173948
830257
899673
783970
680511
829071
148859
59658
246906
818015
880774
283770
736725
64978
20920
477886
232076
529644
275401
271283
978601
543437
613313
439345
185980
18672
152014
102193
81332
880472
895517
276205
397247
732924
445452
109338
231431
801712
530910
914548
947153
540619
786927
253522
852044
350900
791753
662692
180938
293391
164325
651535
479571
847880
27938
387719
319665
812677
869493
859265
298793
147334
968368
23019
71573
127775
814805
676460
719644
219973
809886
619556
398575
610643
398852
461724
687312
417817
568111
319554
90041
155572
573003
270271
166302
604760
348317
312857
49090
253571
554694
239996
399785
275909
367794
952813
465421
526112
46706
301681
639533
127731
282674
403687
70062
638946
367535
926033
777135
481392
266593
150910
462998
18354
300352
250026
786658
710004
750276
525609
623015
806505
140629
81770
683051
503265
330378
626024
70248
957402
980193
263008
192788
105897
537044
883921
910295
405200
793344
769024
477795
62609
952029
437575
999516
956063
332717
615507
378993
573942
670384
855134
170139
989755
163893
703548
640036
332705
532114
371790
587439
816744
419871
960326
982858
48885
329359
255842
503411
107470
461046
40736
843761
626566
920121
626384
447014
530116
98514
381406
40487
836433
805232
972058
37301
155033
253199
336496
465148
977884
365770
957473
776994
398526
178929
151956
537044
511341
872358
253229
695652
281373
473812
459041
442487
480964
782243
276986
517816
858338
769229
943865
936791
760012
85658
346805
583438
237408
732203
987019
804926
719722
378838
38274
130648
202457
217780
550608
187060
198533
507448
977383
727590
398927
435107
945229
747107
644092
33404
279965
722169
958512
548689
443959
836400
262481
855195
43897
745274
271692
842695
392151
608544
246894
226491
319269
726062
446693
892524
166348
457351
867399
231745
661272
848683
910858
174049
58815
786976
49888
270937
517153
136235
529739
619104
12222
373358
541341
51046
602654
383253
276068
323359
685920
966176
895196
407491
933737
490601
654441
565094
756080
772398
695313
622968
234562
332314
528111
190499
507999
956253
519062
214167
23214
197986
453034
520807
360385
687611
446069
800434
425171
721322
68710
572987
160038
895382
1651
675295
268915
691189
252588
16271
607760
151630
408409
758033
296334
435657
459005
104402
466088
625391
504462
578150
797846
163917
99799
952611
236917
782746
391825
916185
399370
389622
160272
325106
224965
17746
73374
546299
42079
332117
645805
77151
433244
843578
183330
575249
367613
264027
206808
814646
373220
687506
3379
666933
717748
171747
317458
535316
898631
670639
909393
650604
188342
60708
254090
690728
700126
968127
994133
487789
88521
841514
970192
806937
498976
697792
310819
530377
504243
406206
520634
425122
408033
218711
400876
984017
699798
46928
589679
600375
856528
286304
136528
350281
748788
512769
676666
549294
757135
867814
636316
563398
827152
909260
942155
873919
16141
185161
155477
912325
303
656887
508747
475149
833020
706368
561852
20947
413220
543413
221555
836021
437757
902328
759133
56690
270084
726690
912448
331612
989794
188669
487507
94785
499332
503292
110052
106712
350549
99609
236878
268383
87208
333022
377625
961452
401614
106317
181682
709450
118219
622712
535684
571979
762540
885560
244241
638472
310393
422383
104346
940255
488010
39928
610890
726316
650507
925855
861041
501380
607134
609855
489507
730717
492582
8469
726596
549581
634912
719964
959112
156717
70996
431096
662778
518088
771816
471697
155646
144592
815245
144726
963353
661278
636414
751186
550915
570837
604277
199280
53507
628261
404842
8510
1705
802520
336673
200261
329173
281859
320314
995065
500108
479431
613846
939126
828223
507897
37413
17157
687416
945952
66115
291519
593946
138941
614778
214590
87066
430184
977080
348319
86945
424770
468401
678280
288878
564607
853361
619567
375227
508441
795611
942655
298141
98202
633057
483309
658587
822423
861760
756596
532887
18118
693319
728752
419706
48556
193815
542866
33794
187364
276371
666925
941743
226223
859674
364445
915632
87703
694540
294268
487606
535006
375349
932580
953436
163291
152135
135871
772605
86391
870963
55488
675215
234071
392850
80580
923183
695800
739426
449333
199332
59976
271262
295642
528811
604009
928310
251150
407121
476334
436109
948568
896839
885525
442473
650847
417532
684324
55201
669
274698
704815
459520
449776
461810
350327
142687
319313
614743
701045
450854
751376
422856
7438
22053
803854
684449
857238
551736
726327
910786
938864
864488
895654
68208
395916
734599
453656
273212
592714
869984
605667
526602
624234
500340
424558
503520
737622
285811
595962
979733
342710
379202
419703
885505
210695
443456
626322
976226
697160
613755
777047
758730
528449
635734
568977
561269
271321
286867
552536
587418
808834
832109
868751
664982
743828
956953
92583
65943
953455
758475
359359
915887
740383
595805
621444
952196
31967
952680
120023
972007
196899
785475
417942
647530
530199
546814
566484
29747
715153
404025
62105
65896
848253
153737
498173
168896
854470
188323
152695
129597
357071
417563
733518
189016
164021
164683
298789
174309
165531
225895
661021
156207
664291
47732
61991
921375
777
226558
763759
328220
597057
276110
243905
579138
149353
936957
378298
355635
935774
761747
321898
922981
752819
261682
241694
860903
38915
909510
283595
353045
663418
832249
129954
9419
998473
339156
428932
41575
28833
36603
229372
714003
441574
127515
446990
27609
832956
509478
365009
19404
850687
591605
592147
769573
925365
179177
203113
283632
78344
504298
875335
112306
69813
384438
929302
493674
240587
909027
129286
786710
339998
353147
365606
788174
171356
318606
578996
325466
893585
344462
437618
240127
326018
847681
118757
470702
119674
228953
158133
408461
602277
404286
650238
4148
858827
746992
818874
188992
707711
767644
692611
763298
781211
893390
772049
144891
548999
977193
106434
862317
824755
564129
24867
802365
670649
806363
413766
19921
620340
331587
870936
793468
14001
905643
654068
308700
265012
83907
10713
992377
13533
379402
831288
384414
499666
750511
185065
505816
368140
354448
993651
287909
384571
438768
191838
201928
82143
471575
416285
143610
981296
649402
667038
975331
885459
43778
193540
997306
985411
437888
227224
870046
279027
470328
885767
740523
232231
258439
806751
82095
769132
657247
733995
113699
338330
11704
986935
156400
968231
960971
749218
625916
940016
383660
137935
811701
174386
874145
871971
147602
645909
882367
384771
867116
645152
56395
153049
492383
956204
840704
498750
922778
23700
816898
928748
599711
20510
659075
449279
537758
525961
805793
549541
956738
148239
325042
885233
741042
471740
900120
385360
576990
410590
435308
837632
940794
148477
528491
769003
276773
686935
28197
66421
620464
713414
546913
262557
140152
707088
990189
282921
810578
463757
696621
685038
361905
535628
455499
433595
495810
374220
983955
285767
148788
832034
680615
918663
818594
374194
971774
997985
18465
537622
949662
973539
364380
497436
505929
898038
72645
670765
930437
690180
717547
572060
344433
70121
51024
557259
503125
7124
404649
506505
543211
477027
181830
159485
635290
134921
875428
429187
269917
16490
822556
30475
673774
359141
421276
893180
343746
989191
75512
959582
525457
203873
439887
889059
635777
590547
546530
484875
3757
837942
337387
382330
24770
714986
220119
569084
492038
15189
241034
13879
401734
628580
438397
554703
792717
637428
99306
578355
475083
222416
333939
543891
968666
304476
39775
504066
813119
253246
647747
813141
348998
305117
547749
855786
611853
711504
265504
554916
308808
427847
267621
334164
912328
400315
151229
828141
840115
186413
756625
478579
489151
867010
804621
988419
457862
984709
349166
373789
608636
620954
973183
916483
4579
924822
897500
600029
646194
764331
55329
753686
140936
52685
99717
861519
237225
528715
448319
394535
467365
418419
825139
723097
767195
147056
21423
837464
655860
728080
194701
848473
242529
554963
477584
782487
771026
556259
837438
788873
42252
932393
350072
837445
681610
570102
824984
325566
256786
496062
978353
114199
408022
967282
398104
398550
289522
498854
553993
417186
777785
763330
969550
371549
166644
673067
369356
223100
243062
43336
469135
268530
398337
814920
402095
332604
975454
41800
315944
374439
823475
322398
707230
374277
521450
850861
315387
21537
345036
169623
251961
635874
924045
312732
302023
66048
999196
146470
541433
265183
987272
397586
407959
119948
172415
495916
410349
990595
892102
707152
210657
258762
597432
731007
652031
417493
720890
413468
892080
172862
23169
876219
849758
476727
369523
631660
566227
295287
920633
543297
986977
237698
823725
895625
840309
360535
336605
170425
897919
59836
428361
230075
673947
891383
726403
257031
94594
406291
167669
694657
470199
673774
723668
158447
916650
408916
447998
454667
308858
619577
728073
803593
593829
663930
582293
541188
287102
395590
622721
88474
907787
871650
849345
425232
64355
859293
962619
829962
694306
314789
297751
821013
297033
528383
599091
904093
453991
213824
81967
972731
365967
744039
41537
878758
860188
393328
703146
110645
768500
210310
680214
458980
174279
565886
579899
684170
148224
177558
356857
786262
393375
109763
535822
757602
431967
892969
966385
540555
882323
410645
39318
778671
443392
150292
204488
714696
397814
279362
186093
675558
163178
613717
814057
483348
808917
65297
628001
965941
784041
140850
239014
252027
39451
748341
989912
838543
778613
971015
280039
571109
464669
561127
453883
627164
591841
210772
39397
756235
496682
584154
342631
714373
234516
825369
307230
870835
93469
452086
52973
814866
381065
926412
412047
895044
53142
826395
317023
250622
658202
43274
470233
648978
508346
17825
179242
558351
714507
749828
42584
355598
278812
72848
49961
512559
995648
383201
246055
503428
847352
700497
757601
389568
882697
578921
237139
824395
239296
161863
232172
433624
165152
900316
502871
874849
237859
103392
329568
177333
934390
362365
414648
788147
235989
543663
826750
298316
199025
829570
278212
609768
660789
884385
879750
580656
516311
677133
296803
997956
984914
772960
37084
821471
263069
867037
345506
139385
747457
392940
425614
138277
308027
335061
880098
475023
633905
179919
873153
555778
823630
645415
995054
599462
955380
897911
534834
701815
839688
459938
854484
454049
735851
228375
600587
386012
888420
206613
363103
642842
270562
609645
936318
648973
893648
435712
888797
530870
311641
640460
997436
70038
426601
746814
459323
410073
118464
469616
151428
934991
879762
9236
92768
736740
656204
954361
902513
599945
391518
287317
214916
673573
369286
221363
450721
791993
392329
698018
376868
143005
911986
409185
172137
468739
126753
693755
276270
965157
388375
295708
430720
687433
804742
367955
859181
975294
694438
106125
796934
710975
917104
189209
642645
686838
372473
403909
686798
630089
451121
876874
881027
704184
967673
314126
989259
344813
874137
25419
671773
894427
419299
229644
426961
749664
912035
13810
799091
380739
69648
793682
427220
333382
980311
67280
632963
880500
154317
203365
669181
379911
569858
696701
340125
391636
209541
781390
998131
683874
607395
756217
966559
298775
192782
831556
578836
464830
374259
970636
904940
5717
697617
707868
157767
679684
428798
534923
538545
90836
166798
692369
341628
724575
81182
952600
197433
529541
753529
821006
133088
237038
274859
396064
127894
93368
9399
200340
673275
701830
752685
408045
746430
467837
365505
40543
18039
409240
82579
460765
312070
759727
62493
800373
790021
41227
646956
998532
25412
437809
797394
416588
764793
792231
225191
693399
462838
402294
214135
487719
394040
659428
31141
907575
674245
925104
565439
412550
506392
509341
415072
801031
428703
686264
814277
79669
698228
771031
278033
889236
796996
105481
147567
450254
180660
183794
870417
27858
284482
254381
694890
49431
534044
854532
596273
426297
904315
150269
725701
522444
443594
423337
525660
119466
735854
685749
688250
67162
473749
386703
508634
71665
71381
903568
163534
169507
675966
770101
425811
425022
887929
539200
93315
193425
803677
898227
466743
994859
44786
341394
610904
765385
806716
216715
909918
631600
932461
862520
701086
636299
790759
770194
663182
128168
83811
407541
872325
376049
946730
755421
766341
386946
302194
474121
999756
993034
458006
681492
254735
229611
884460
136885
577609
358788
336190
251925
805713
862448
797508
989016
1040
665964
870952
243241
135966
35832
525627
549918
822995
611418
778721
992567
133004
160097
487743
250813
198982
224219
422646
379874
747094
569392
842401
254062
631613
911665
438566
102957
565969
546385
605596
222838
242270
33450
112952
595123
344855
654807
445430
350619
642368
822883
359646
118542
740220
102399
523196
321212
310966
612576
142348
811253
719313
816601
585521
157573
585350
295132
656843
378575
389741
215382
935577
433663
138204
903055
825186
559456
134063
972897
805515
612849
253545
246598
722507
963723
574560
557211
847397
805173
319654
968372
998941
498794
919587
413591
240319
147888
420058
797645
283120
445668
457632
539449
833306
552927
303455
335806
759343
236765
853263
470071
939328
365023
853795
177165
462374
392585
428606
101288
756603
759718
258005
26867
424773
939635
351147
551968
550153
388811
720291
612857
608947
835873
711080
317417
696030
573380
208390
573249
426704
455859
675503
323835
857365
505538
111536
308456
654999
126702
450264
161874
35476
413289
224751
177439
963259
46159
905355
839210
854487
291388
717121
86868
944614
893312
141906
664176
950415
669748
355234
881218
525801
700350
761745
510233
287589
207424
571329
25693
949024
739607
935224
816658
14653
354706
142187
732263
856867
180881
692119
864597
574806
689306
709068
791427
245291
164300
252213
97586
603713
367593
801650
177970
407532
344959
878906
514864
630858
824746
40926
910102
686360
79389
506933
881134
658035
845050
129089
592260
925805
657809
860189
843534
763736
650439
115485
987786
515397
248747
762660
870269
448422
962928
551905
823898
451591
908246
466655
988426
890118
902640
137357
634835
233812
999723
373625
737187
13810
287836
949518
391579
801715
159247
426186
793170
697740
536796
224514
359999
782039
99826
833239
795649
479535
298654
182885
28553
849279
122158
572225
740979
346702
852818
866913
18745
215802
784594
511622
446761
703351
785727
351529
278771
925389
59232
340362
946459
989247
746858
129202
493361
695631
698598
100785
969665
135204
868747
182556
359644
306944
664557
365171
255253
118928
76088
563870
860402
50056
651533
391915
242468
429873
274200
632710
771690
546522
917960
96450
984928
484693
172793
875395
140470
975254
129178
39009
431472
391303
807805
634741
602080
386648
748967
19371
988371
85966
900635
509153
638346
268648
909053
533988
799033
651421
85294
786460
966559
603714
812224
468917
318330
164862
718166
790809
232049
351001
200444
753177
147192
171831
632096
694757
805158
399542
934177
661860
516372
604196
100420
711129
380081
583448
134374
166861
743440
281513
812627
88816
162266
773683
418482
826646
254911
834660
593789
16182
459690
814491
481660
683639
875727
946923
721695
125695
915262
181765
884496
320847
981648
741038
189346
849441
899233
340915
487791
793209
599164
84871
723904
638528
880502
974605
934366
712505
213072
893836
715142
883555
750694
897022
967040
795372
749237
328417
719970
292170
595817
137899
483703
484223
172058
545476
570615
235901
591450
69116
187870
83190
107815
88164
393535
640275
400994
168870
568415
710432
195129
866058
670282
471618
689025
467089
222769
876382
348232
668324
611739
5293
505621
81656
282483
404855
671908
694756
588656
10638
15705
645946
603689
477069
726098
20063
500696
638901
432499
197365
527103
874507
265709
782849
3354
725970
219964
228169
775131
582448
52580
692737
299420
119353
655958
112224
983212
558426
382570
588195
673358
465647
97097
859030
985884
932746
379088
908304
109322
950104
836605
142277
857625
825455
308078
236187
308880
664421
232952
641225
19558
317918
678739
909754
115616
498940
135628
520607
286902
480294
677947
650818
995924
55533
578015
791196
694708
847361
428397
929697
324591
329103
741836
140712
153443
859759
870312
534425
247005
407512
352108
918038
300540
523371
51704
253047
682955
245738
38366
489855
493893
98485
248073
653387
313369
879792
527582
306235
432475
56973
817774
936099
421495
351746
221864
768828
691259
923067
540055
975189
679081
390465
759288
138801
777699
203485
177417
565138
735972
634278
48526
10818
550826
321928
60257
801152
448256
196507
2479
596199
859680
480377
595026
960062
815144
867954
447993
909155
735813
993798
460974
795658
822255
21099
738299
372536
515396
922617
946571
454949
686933
226874
225889
845041
769372
782391
639068
980639
120684
718471
357201
458057
909491
476366
655816
441794
148279
197183
661351
817793
17479
98900
840931
592523
20838
842643
839272
466658
331119
622329
551198
645813
610235
715276
22925
185046
518682
178160
752684
684057
339383
228348
519249
697796
943619
589628
521802
164184
220957
160156
692472
340620
168235
967588
637039
677541
416734
618716
642150
757426
492126
234592
329984
808114
841013
918054
82915
84493
340265
122950
621557
884080
178218
372179
808067
549449
101942
92403
91749
178865
243861
599424
339159
923547
297682
478133
348415
152285
317838
932033
840819
701591
813106
621573
41468
379390
997823
742334
988322
834551
543778
260072
34284
245652
461533
847741
597708
251432
278453
208585
746418
537117
929685
267047
287040
370193
832666
619999
911812
467990
577039
265764
665892
67519
387614
814855
316451
344437
981690
509015
600974
230851
823719
195611
226089
752389
963318
772763
43405
481592
486793
474066
66631
194648
489574
104050
678980
396098
324301
61887
947030
468812
569712
190101
81369
923116
910886
466744
471913
324399
357463
679082
326757
163514
831090
659660
114737
567333
299117
508113
286775
174683
146763
744092
541460
204238
155811
988387
516738
560422
650508
541677
933056
433612
856194
385196
266571
88739
450214
887909
717129
279974
303333
677742
211624
944777
695937
297462
466734
553126
741789
743934
860871
982678
752972
364868
950438
776683
337037
280667
566245
763708
333318
567326
722187
135438
419405
215527
950125
636401
344704
4976
541069
210766
931302
770611
217814
475209
268139
152233
986870
494452
548538
918703
285914
605109
482845
340333
923019
854099
758279
921165
277492
38986
686875
948101
857544
634472
116389
780877
743286
276577
839118
11448
826958
248319
955397
101815
375746
859787
651227
85386
713816
159482
313294
451582
820932
813545
900431
102396
761111
844281
953726
586971
584390
281125
641837
806415
189944
505875
162566
920999
962044
56555
563719
71296
679967
645129
810049
469963
532469
181855
733950
494924
633158
682843
440179
849061
433331
281937
747885
774163
309633
575785
694777
412255
130117
979132
91400
841932
604208
204545
347986
242371
437292
66456
657334
794110
871771
211939
796211
825737
377608
613976
202605
965515
146208
308576
418975
247159
876739
634930
332530
522741
728032
525864
264760
934671
318924
201315
731489
566573
227098
602552
353851
436721
618646
737439
893334
140611
707030
117205
324718
533550
507226
79662
594257
649829
800128
133782
413610
228080
854449
506293
70043
806512
669364
806096
79513
39224
109339
28172
878411
367137
592556
125750
348834
554676
430671
130186
439491
148694
369846
801026
255845
397505
602174
367611
420587
795090
527957
278172
861006
613798
778337
196667
977922
743299
645795
953392
703422
791750
152978
444789
722674
6010
314957
296953
267728
481901
872178
520270
53535
348309
688582
886716
736125
324445
56170
921170
555027
548682
986880
268575
519192
396653
581545
452380
131548
970726
348690
39662
997343
59759
115218
899161
441012
34787
610936
933747
972416
530073
201056
297746
195197
458536
710736
262784
587295
715627
380461
809695
892511
237995
217370
582564
37980
113193
83051
225472
342048
449851
787353
253507
605914
290264
53367
797623
169846
894498
65345
1682
848084
485442
107101
396044
156094
171083
778744
205918
445288
135415
351670
988909
516907
898190
510703
539319
514493
392879
46538
176156
34499
828333
26801
301044
30115
337328
350604
210059
822802
290258
519543
211445
849042
531353
616789
708168
746594
718920
448412
537164
956734
239912
990684
666707
800428
369598
994651
686888
418685
523829
248888
639311
914851
390202
306323
332987
677110
370094
801505
953294
58090
150304
931506
832753
551042
440333
232121
396826
644041
195811
945860
9500
580983
492570
775743
693958
509272
151923
166001
265231
685317
664967
626411
8579
796831
860211
490215
543242
571013
198107
185953
236786
201955
833626
828506
120374
224057
318734
529024
616366
713623
70722
561067
497149
616106
964591
793452
806677
716930
518589
495426
98136
200489
121417
176700
323851
188072
770389
559572
586361
662263
957755
74235
31864
408342
370302
530070
221048
524835
799475
454467
589791
607643
244086
991636
321571
571029
680255
170831
75620
468151
943820
911301
347615
183089
773164
18827
19249
897360
206262
542476
104535
233661
954427
607575
16043
787546
620794
1581
660042
84578
104115
277904
180911
303407
104166
12152
330178
481529
47773
50479
501509
215488
705946
96469
262765
743776
596066
559679
787664
11824
983017
329754
954459
84341
187351
325251
577765
268405
369864
109021
43407
981971
707002
882415
32735
403135
918223
597931
330800
82011
404652
755861
380503
232953
841513
472950
516806
973875
882034
557039
451555
586571
112199
599342
495712
487502
821903
559262
633712
831077
503822
187949
662537
86847
432037
465686
391448
993929
574018
642614
730470
258620
222938
949925
862653
634586
985200
110523
887990
454109
625211
547664
987744
992362
61084
707742
272716
420741
545451
339416
248798
106036
600817
740579
4534
732093
290463
719531
593327
361616
851093
853876
732523
434677
239372
327271
333459
252474
864906
861935
80862
19534
405458
935143
245031
521578
634911
646947
234157
438798
782248
744239
63120
511437
804559
284465
47126
44937
528133
868111
629841
338135
302560
74443
312480
363401
605779
601510
14090
73844
67389
270550
560489
938080
117873
157557
913007
400198
576909
640284
810232
15044
543440
814880
935653
96850
989417
32561
850202
617440
683976
699239
299818
39301
109057
327946
694524
388228
986030
794943
29618
198037
150365
967109
723420
596967
233848
480848
335230
394295
989455
104241
900321
979480
976470
864765
282583
99830
607738
597745
133588
884845
518337
515551
33428
636873
409761
380735
784309
613580
10283
547368
61501
58427
38792
308668
936051
905353
10528
25990
584605
191783
349179
587453
97507
217245
698611
802257
784899
516672
601490
582069
814244
250709
947996
626346
847874
34725
384674
978723
230059
605171
752330
778466
622373
514921
841185
508492
585464
745309
55898
471237
983679
648886
350488
807303
781515
621020
488087
746241
598622
355395
843452
793936
742141
947858
535534
245231
288296
500839
886703
825480
193922
541791
209136
250119
736021
349528
106029
849470
706544
58445
364006
289220
927891
257645
787553
505757
375023
561620
436148
394817
904458
46254
562297
417858
605804
151492
581283
873
164937
332911
765439
322258
442437
292557
137177
733917
39348
540177
378676
296147
489090
702337
461985
36279
27993
649907
702133
291368
15897
156792
14373
552967
361214
325098
749416
190703
853779
445903
671886
679779
432036
770414
720481
464116
39929
377573
252209
417538
682540
88507
801109
157925
178656
345675
323032
952458
989846
6118
976761
387833
977702
612704
682463
503214
582580
774215
879363
52438
328530
141680
983196
873078
121023
229244
657962
305700
226255
814124
574824
279684
280909
119498
783495
978254
843833
405875
386635
771158
947413
295348
355599
651720
147491
942585
974544
188562
254647
198306
589143
419372
428055
350780
776886
677229
202519
905933
14944
175836
672162
334519
20873
601483
227105
599846
470354
580601
444076
620546
786535
825662
294782
514966
723649
834081
792358
39554
298361
232011
410977
34350
440181
574878
339180
320469
965405
215357
282103
277213
740504
804659
718664
325988
190867
642949
970494
68713
691598
761582
549384
500685
923736
617974
605370
617166
668535
266233
84656
904729
975064
30275
959561
197175
241065
630429
689525
769548
452840
131448
793040
154297
991206
450839
797718
233799
390605
203554
260849
762559
119355
82065
628770
84987
139710
271512
826324
252032
807062
354368
580461
837922
738524
329303
931733
560302
93981
628646
862095
194897
788548
3244
492703
26324
75635
879474
990877
462362
966966
49133
173651
351648
672946
733693
976111
384357
92214
926230
716558
732558
585292
142627
340684
39938
779487
633909
98127
176856
53036
955591
949349
206807
771716
834235
807741
245542
50076
620534
79085
834007
122711
382689
200411
743227
105456
792930
748592
110033
647880
847354
644786
415727
245604
893000
39069
408762
422441
542489
926267
27745
617110
437718
582126
243531
888619
42078
72014
90887
959404
890985
564682
92288
874038
619717
384475
363657
402887
910680
937164
877398
135084
54735
113418
544431
495404
267429
167640
140208
696653
322611
754914
813960
311576
732816
170432
552755
581494
461146
849622
2027
990671
849623
102581
929573
676038
232390
143427
784892
251593
539168
48432
10809
493876
829700
240093
267129
6925
739299
673926
385817
942638
212909
553072
271912
481967
917530
851601
963306
637731
464931
96011
335914
251136
288526
46798
127564
102788
984419
280603
662869
987261
186159
212392
428407
455037
148374
719504
157789
418407
213798
721424
870662
76030
900608
651659
258538
700039
342967
317473
120261
249570
899904
1330
526601
79000
962826
65802
172
613685
972529
722740
701156
995469
90976
496191
310681
736363
430740
844668
138887
321950
132385
169904
425759
727564
518011
987492
634461
47706
125263
813885
782413
924858
263318
683445
822998
952091
201143
216051
272734
167004
434066
118958
843149
140278
239049
93182
130894
627058
911672
16315
68192
281960
958372
266585
574841
305155
875913
981708
337695
302858
729250
919411
841729
776467
140301
554817
13184
785304
352491
115929
509692
837634
365485
480049
892097
487264
148420
944896
193065
433482
730106
103330
44022
535014
246085
289548
5383
177059
284774
914045
689213
164643
396263
283581
501550
208222
763754
863514
764835
191206
436846
299890
504386
528840
698359
581164
134872
513832
492977
658466
692581
630937
67075
878709
333299
377678
606255
146289
601714
516953
725267
232431
54699
646342
231779
102369
441310
678848
246384
846953
53668
274895
385723
878608
854176
398174
152715
996542
780984
934378
636129
294102
471101
166146
686227
648998
232684
284781
705498
630221
685023
68403
393589
450848
956163
619439
783184
551455
796891
96275
293828
757909
95
641545
219111
788284
916886
939531
390369
373201
46879
695567
968229
247787
780045
343787
624371
245826
534262
690138
979063
641946
223324
85406
691329
766843
248577
108658
822808
644208
368998
440906
584096
765668
484256
628100
878997
375021
430732
33793
965660
88413
547830
643466
162837
171235
155578
719429
433998
810504
611008
435085
841924
980519
12633
948172
125171
689420
318071
125155
950179
765110
413850
601291
862983
842854
159968
23081
802985
149031
956893
841423
686598
686244
576777
221327
931158
243992
509380
741547
742491
550007
561755
607827
747716
996374
252702
595279
884321
299992
313082
517757
301118
759328
916476
152646
132806
629382
324319
935969
239813
101711
114386
119075
451667
181659
790346
628745
380771
135442
552550
481582
80472
211054
663176
233610
311083
272328
354999
104647
666806
547355
181921
636973
392575
75369
411843
807450
69014
688301
462098
671903
463612
465163
953249
419563
166140
406216
528086
832700
971795
226249
422511
466778
784256
525012
744349
580602
295093
220993
531691
29007
964279
280320
681208
827876
240934
690350
768612
40020
437227
389210
73303
817055
299145
946436
336184
687856
863533
903010
49419
580316
367388
800074
244123
15789
646851
506152
303430
525573
166643
241824
58058
532294
537371
380497
589267
873443
683264
268659
240967
782753
780362
966379
601352
354816
463602
694567
975228
791720
567730
716630
225043
782993
338159
889066
649640
988767
148225
803265
664456
685442
628434
482014
507633
637315
910627
185625
69127
645610
723971
130902
175432
868763
373709
659437
523870
595825
757808
200231
763595
468382
362123
971179
54039
846804
800735
281215
135860
278274
28902
153180
656894
846829
136273
385639
56548
968172
31047
124675
431564
482035
230711
590883
887124
492031
457721
385190
135299
152709
570372
952201
502368
399445
632169
700994
766248
973179
170465
611542
942088
186341
987774
100724
775491
445662
665523
976765
401680
196448
906946
448221
98916
915772
522837
187371
918169
561315
721714
311952
895547
733560
391087
286109
689060
745252
101108
604613
197386
897554
877528
567730
216232
938368
227469
385018
901883
580094
984236
429352
425678
908324
918279
167939
310601
298853
983480
372852
829921
57274
630312
197775
792356
941872
494588
145577
605687
646075
711561
596857
87548
263768
679999
222090
141590
127491
192037
526621
4259
883700
287505
534762
471247
619429
208438
804179
175280
167997
962029
559238
802237
966153
414413
493708
122009
633665
165020
970838
682928
98384
467358
514751
704200
815806
470114
877578
648496
808620
103895
45622
444726
634844
503755
950990
880967
772213
847089
126237
35771
604149
819888
673677
345656
560357
426330
322036
335256
692967
322483
239198
950572
451162
206218
655239
892196
259224
295977
401657
453806
521779
612175
436192
333693
699980
350811
299912
960706
885249
365023
690078
59356
127286
126512
327287
353121
80278
655243
744653
458213
289116
913480
240165
864668
268751
785447
811310
317355
220552
940275
133481
176623
801530
880939
182524
293798
440904
523819
29042
627719
489412
265715
36022
408158
493887
495536
939127
59584
319220
153746
144249
442472
66500
249371
118815
221284
169203
344102
74223
370879
303003
855191
415045
777520
903063
408954
980714
836106
152996
570009
960918
928688
200239
411502
302474
247837
579128
140867
125873
800042
558148
246086
562741
65128
560023
337397
153318
629876
134440
501289
740378
148026
919358
570092
207870
72905
165590
351508
905629
59007
41437
451769
751607
932750
176437
787152
395907
624304
893634
456728
823277
732848
372162
857206
407782
864880
236900
348178
202657
517119
828848
945216
556308
482994
394985
99564
83225
471705
178427
37799
184097
51400
499247
103655
595070
818590
617528
518219
282210
713595
488883
667934
502729
528214
683087
902737
803545
156826
207967
924676
805254
644115
839406
81392
90052
62348
915662
220927
997646
397948
195760
862129
807944
295433
696256
541100
195513
356854
179392
769568
770269
732057
589074
714300
933700
971518
885893
653460
533839
375546
791693
942929
892486
661224
97630
409716
362481
702709
811063
356231
565572
271695
645288
904191
674950
533280
443373
465698
317347
240232
298315
775019
26887
879211
671694
630776
303512
326082
424002
477326
793548
784572
124329
327097
941347
905533
577291
974139
859236
650985
214064
635862
305274
394488
733815
63997
34236
16421
96565
353889
770134
762018
294193
146135
700373
730573
77379
328686
505276
578754
638346
966352
364804
676058
864129
998770
165659
217379
108054
917178
144276
315379
32437
271994
693559
5090
711559
649265
271031
304997
51815
125565
957569
586912
914204
247425
126108
314324
72424
514239
786729
916829
781724
723592
986869
445758
900480
210525
794975
566931
650137
169348
948512
380120
690423
204973
943586
610832
246021
804153
109707
567483
468610
288343
562265
455044
956940
884837
976747
677124
202416
271052
988247
420558
99854
800746
941385
945077
383746
458265
312125
928627
411742
465552
109393
703818
865112
862688
456146
504367
965858
851346
995956
676575
110227
253685
855241
614315
342245
635990
944134
667801
482388
410426
951563
474208
553741
553471
909780
78628
473941
94634
288905
472575
285329
534546
293667
261576
957523
390053
721763
334738
79543
783526
107596
120198
124185
94669
970657
387381
257231
693589
544063
118581
259866
574968
147103
247755
389199
614888
362589
45004
445842
455909
201452
257078
38121
635484
98551
705210
20841
295556
466868
39013
697098
360094
32893
813037
402419
377944
728777
770905
913791
686793
456189
366381
319217
731121
206304
759210
720851
385920
209491
316715
294514
196250
748847
561693
368555
823563
728060
96494
373693
921846
964430
840233
19694
647821
459709
492308
625509
798570
322145
793026
550486
301273
92011
649368
50644
999058
819169
463702
310782
892219
666078
833785
191092
846738
514744
866721
70448
304936
270110
592376
209130
668166
910838
454122
612949
452548
964345
623878
802632
225622
657109
300779
402469
993225
984843
736679
296121
947131
563349
669215
105828
342823
802503
523338
95643
171863
937796
931274
424890
562065
369583
740356
905939
269590
428814
494772
822292
728705
266577
244909
785749
159979
284051
412742
865050
900386
204935
962715
507381
374145
142729
827081
340240
632492
292357
197070
490495
18966
326203
103323
197950
648759
887561
270278
339698
767534
438976
636134
734259
523946
780236
576583
8471
175158
740711
331935
603265
904851
33361
821284
337963
440683
999602
81313
688772
545306
809889
364594
474554
497838
479568
343617
232351
145444
834615
24236
757861
832792
535507
278615
341605
288365
703201
367535
634208
196240
676226
837804
750071
639391
979007
799786
946670
318693
65633
142012
928562
771691
851903
340885
351286
251743
473897
569334
704147
62864
345723
472732
715390
62328
520241
989090
928532
444941
303600
784396
945020
578788
365139
844132
704848
140588
512539
953872
894213
560116
446597
31124
402771
38385
618782
353477
876142
872630
817102
560424
412551
916919
487607
775270
454954
171106
544442
738927
849851
765703
797386
672429
138883
640801
705057
114777
329431
716859
164475
137907
412005
133107
56365
568460
456579
882749
577321
47759
651564
725153
976278
432275
457901
910687
190476
588933
434372
926441
790313
46255
971363
251484
598209
279460
362618
347332
858820
890382
128612
529158
778286
50846
896898
505516
866704
41879
602081
568302
701512
366936
230089
363480
950804
10288
531763
991200
52494
787070
621190
478225
330906
383120
686542
509226
946650
864384
881070
4
804472
750669
812853
642347
273678
454749
937664
805777
414968
591642
946685
527378
777717
854340
149774
53234
993729
671062
6511
816710
304266
931035
408652
502405
551842
850090
774948
489509
647888
789774
190568
584521
914408
80140
69086
959244
866619
125796
168426
104312
160868
987770
624460
919633
446149
65250
207188
71723
490632
413472
757509
304455
950942
680307
69369
108041
21952
519807
645261
40660
817004
898041
56617
880463
98891
141406
194296
859232
881504
617440
362393
804704
595955
454466
469906
330131
822425
543312
265147
532272
574595
541122
859871
531325
910651
894910
548487
359304
618856
716070
713788
948549
54895
307409
85830
371399
916887
792515
666637
680150
319271
415820
143022
687044
840352
424221
705325
640547
563139
25448
795309
277112
775195
132614
734575
445059
743603
709355
92541
274990
601817
126397
344086
497408
805798
599929
861302
54196
456532
507461
392884
115050
620569
816474
480733
785749
753706
536169
330294
835962
21388
721503
588485
45032
419996
59477
301276
769361
720320
556443
612489
416785
224126
803989
206618
940841
651265
583264
49246
729875
675146
775829
19842
322728
390488
595805
60923
865768
591836
312126
758122
336583
151387
119189
124708
102832
200555
520599
620588
200935
331915
511216
473241
787713
653788
242004
731146
873954
781693
476238
638727
900726
937787
137414
997926
393186
805422
301166
485916
74637
579963
996623
976892
858208
163358
626710
639286
394697
59533
572486
917660
560865
465481
73230
248409
835322
607159
23972
104372
136746
910050
536187
881793
692791
722109
482250
633415
184885
402127
178469
241329
717655
578923
411988
457771
641680
2642
928910
279466
136062
420426
29332
658960
372625
958620
765716
86518
947573
661296
681008
293351
503831
55341
486967
872076
72955
270378
155296
690363
543033
55649
337081
298119
736181
68408
165939
326195
823017
944103
145824
661156
719230
968388
462487
48554
591521
858943
779784
303634
224268
639670
540141
275
861323
576111
526532
961970
135395
364606
12244
