10000
762493
486801
572416
996434
341498
991507
448129
359366
801016
657306
378299
487697
74386
14001
400539
792559
497228
112004
609619
915247
63656
648804
787151
152487
221296
656119
962166
849906
158578
589669
766445
817843
868438
354954
25930
352783
65375
709154
292329
816659
938862
910227
340118
586737
1265
584206
492520
63368
727556
126993
845195
342757
159538
804704
797084
654628
283284
195664
698577
822011
527163
809823
854422
253298
596106
917523
769112
25178
69632
912744
441205
151774
148111
130423
519823
532337
569038
428280
415924
99612
884591
574639
657425
266303
363945
855744
975641
546849
18815
70579
65675
58339
226372
267676
917308
601442
413158
344057
533844
279922
363149
651491
399016
935678
938258
759439
784858
659890
996603
172923
989889
615198
735041
437469
805715
356802
6749
388263
406253
221209
746705
249748
199077
792132
905418
733302
853285
412692
608888
367741
226867
979952
567226
250792
679995
572272
590979
574223
25354
523768
437183
211005
867073
627090
60903
410392
718423
257249
185885
415228
284651
644896
762638
97082
106305
356151
395278
321466
589883
626768
435340
345582
275106
519782
973884
70745
251683
882942
754178
374634
464997
841656
947256
358946
185321
698153
654680
234793
296222
277755
798420
642753
109108
288215
565938
730019
410222
488236
784365
142998
236884
688231
721200
615450
262186
182762
135037
576844
426868
592432
196318
939415
321743
958128
875444
414533
720374
150015
236867
165310
296910
180313
469629
599170
328949
135666
845805
57732
23210
149213
596112
403440
46290
111832
903475
958744
79682
613633
241834
678268
599745
261322
666056
315
473648
820981
347914
275358
444155
518069
940213
47098
972517
885848
857168
848483
530620
411996
628177
201613
376523
871735
736294
799212
702332
228493
230875
685626
542719
953422
933436
476856
180356
10156
829674
48807
514982
985282
371740
748872
829839
446775
563891
851374
944238
793670
861237
628271
331430
453970
89439
595929
168316
913385
177533
929008
273386
930370
313787
796642
96493
22714
655289
935881
348603
236630
646894
49456
231032
73668
456038
963676
425274
849070
908169
532820
786140
221860
270118
965717
625861
847166
555306
558229
896671
226461
778701
974884
32331
368087
29139
767397
608794
691780
461198
220694
581227
573958
943254
867499
410355
969875
868246
923308
961684
640031
543627
709760
133121
982648
391093
300031
822092
794601
892955
703107
357280
867824
713403
9920
455022
14983
795232
899901
169418
626548
323527
670702
931275
192198
720065
168575
848965
85726
995697
681820
915707
471037
786855
622401
815016
823144
873966
868246
964626
324936
537169
354712
909024
853919
707083
548275
660074
765250
639859
990725
287774
996975
611442
106526
611408
299590
397488
554999
341357
86851
712223
454523
365716
184473
254521
745000
723664
958965
545284
571813
845996
716563
628238
564734
3909
980136
652139
461587
329739
618067
999266
753148
708798
347650
680159
240934
91199
946465
471915
251123
708198
402148
229363
512168
358986
24881
778244
574871
667561
831731
793715
805075
592443
847668
854545
529489
711408
252964
708956
197162
566064
16309
650989
211527
824889
327112
958009
339860
840711
38509
863027
370586
666471
411767
663238
660224
792659
139989
564157
489686
973827
77400
98354
533662
455564
454601
446587
828686
207124
984272
327349
8779
343652
693595
113108
480070
234035
412520
903813
735419
582341
869433
52314
953987
857997
647132
821698
40383
945508
540985
7735
35009
672559
543933
740116
323520
950644
209464
928804
517930
968885
471241
188655
837190
481
490504
142337
516962
803720
384991
777015
326094
255317
33559
947567
568031
427956
388604
899490
582922
110827
508533
708971
474245
341457
948133
682733
37325
396318
290701
699475
434415
474452
525920
294073
30933
601370
899996
217923
651409
611187
488454
721411
146417
302405
257968
753815
846234
480734
346808
173188
580511
288231
901437
876497
558755
197327
638076
247617
929257
712154
806792
62276
202197
980582
477051
122916
245607
665833
991558
907591
666940
302268
133304
752591
682445
995055
587927
958289
126496
649621
202877
613473
220440
540775
455618
673590
572788
555966
808865
100539
279084
895382
406130
854323
235428
897498
64054
559009
309269
257249
851894
126973
992111
830442
161277
53606
942721
176568
462419
980150
317408
881250
483841
676093
172138
992949
228990
207114
918460
758680
582317
889676
996407
56052
527173
982915
167923
337168
741549
31303
475779
259837
909311
181456
303723
595814
626644
1136
737487
335691
848131
555209
422194
720793
429999
903658
745912
700838
909685
885615
630022
757982
899030
291803
612574
89119
193626
749558
255741
153600
698848
663821
729130
113025
644125
665375
464787
828930
674669
49645
933023
959822
16688
299891
696817
377998
63139
212422
753747
488012
159443
866910
761309
69563
17694
322229
267403
684721
551795
82228
720437
889094
97692
721987
857874
338035
670878
89268
281527
475395
286503
964917
760284
52766
98372
404112
590034
778981
2382
176723
699501
1902
927696
572013
184432
605437
230325
512500
447764
318960
721785
666492
735413
289366
224765
883744
593175
219687
784223
54726
307317
598296
574255
794782
994185
119151
291547
454926
835823
110909
102076
273412
904061
727342
89449
882472
689381
539341
815262
537428
742646
57940
525043
664874
571109
125448
53526
341843
225996
767548
820918
973375
618443
133414
999013
767293
735396
634236
356675
663116
618554
515834
472077
994122
71715
352806
849075
891740
321470
22925
463759
418561
170384
504779
547278
88066
590387
237806
601340
246930
520653
848
805947
504332
74313
992858
189821
742579
730381
601874
151075
410496
282924
762711
469443
288855
865486
519448
31548
481644
373093
117581
690383
991189
136895
776095
50637
905017
246587
856172
923772
163454
83928
663380
251756
354615
419996
348146
140195
319555
811056
382944
590388
162647
758067
983573
251944
208537
199453
195040
997370
396707
705595
551332
995493
640430
484887
655495
605155
324190
811432
471853
930168
21352
405781
543423
578705
886654
609669
148396
267635
101902
997909
404270
880464
366299
113976
96246
934138
294809
646047
952572
863112
892076
440987
604392
88856
116299
523513
36250
240496
474921
573048
972171
147977
509254
566606
755336
108743
141079
595887
478551
381562
587665
556872
832930
733548
575879
604675
633152
668616
178975
130913
67053
391483
448142
587419
168974
461767
17318
681871
410969
891068
322305
796152
180696
149203
947845
47138
401779
932001
649107
578566
463439
997234
744217
636058
481041
595498
470201
983305
299263
474649
948458
538164
566237
607021
556911
828351
614516
551232
782346
846199
545907
918086
422157
470385
148619
221674
68149
589534
333281
60265
637517
256189
195766
762772
314252
470590
430232
432382
624901
130846
467050
868946
640853
976283
623465
811413
76708
536416
219745
617337
428309
31474
116500
43723
709473
544503
630380
799106
963011
417935
353695
724085
684610
409478
42919
486978
309499
476364
636253
66422
738699
550065
202154
199100
309440
513878
999539
210673
748412
601092
523660
470190
518490
25898
522888
48973
60487
258569
46444
932547
857804
430593
355917
389093
994686
690485
776428
349220
694870
141074
758598
145929
591662
64809
756824
789602
264194
225105
318692
820884
992690
735131
560042
102044
769324
107454
882738
29282
143274
554661
69216
963477
592555
171717
553217
817350
5547
525100
365534
736284
53839
489160
546914
872690
730777
557786
632488
633884
819762
596531
620419
271917
849152
438489
453695
138306
836993
929869
159258
804981
68377
436411
447262
536988
959489
146727
835463
210889
815503
203125
43683
614263
392952
514762
453835
426724
990961
79632
51004
660726
530790
705417
370268
520057
708748
678165
982083
891137
666183
66193
918222
324372
562264
173247
156203
627300
523894
96443
113906
264139
706388
982984
8019
257528
393177
870980
533545
746994
638070
64997
402387
195568
380488
194226
30416
468105
256020
258180
637390
939445
18409
409150
332127
434060
480365
478182
582845
854748
715203
330909
532995
68580
202354
458747
257722
444907
447025
999489
721170
550376
863354
363032
659896
581496
539274
217932
198134
448134
215061
530126
184594
807189
817069
305248
863621
409107
461438
318596
145487
414824
198025
40089
573933
260296
108032
723077
927535
66606
191920
942730
983233
864222
344902
178884
723949
408852
207175
494329
358565
642217
649953
408420
550870
602987
461483
820294
836811
938145
863162
992759
199694
953204
864779
521436
684118
49685
925526
848207
146239
673240
62989
304231
856704
45978
152616
945574
418945
656923
577409
959417
336921
299206
814565
735127
206912
29120
156836
542332
342403
978336
789592
897115
26333
548258
543431
943622
849994
961417
127933
846467
526975
903269
129450
153106
608547
221284
279493
212310
817499
723114
38366
895910
340790
380944
610948
285158
97770
646656
940637
785370
663164
722326
62872
217174
761080
832074
522151
751768
77907
127388
605617
460464
552765
575496
888579
675302
326621
256292
990548
821100
353589
603577
639742
186945
354325
748049
253361
582337
339524
233160
385449
483331
232899
95370
460316
91383
256384
387767
649018
14236
613947
811392
772413
117538
187798
228414
101913
849553
68542
394251
75193
428115
963011
877957
498641
275286
893615
123979
103773
49976
700659
164950
585711
549132
242863
353673
957105
188796
430608
928800
111328
219552
522316
640570
295170
440322
420520
34019
505495
658248
449030
67989
403624
161126
560267
946974
803871
988652
83138
333940
857258
599496
203789
861971
394620
938060
381342
646169
731398
737778
755607
222941
888656
828389
572993
25305
247498
297672
427433
898982
304129
345009
717538
761560
814360
342495
158697
221936
478746
637926
279295
519669
166725
396921
34548
382112
605720
754655
257522
769182
461094
529238
312655
196164
451250
899940
29490
821015
715958
880355
87397
77360
844130
865096
896862
38578
955433
575030
991198
831690
951258
983036
429794
820079
194413
200515
63182
158247
270980
331917
349932
65915
208136
773522
726968
853165
711443
728720
165316
451691
697818
445207
157110
248391
294910
503269
646933
478239
678176
990679
637928
328117
658672
894773
214559
354677
649216
19129
566204
496641
222532
987745
277165
50115
737190
735514
363985
529699
364626
731369
481407
566000
437108
226237
999947
477067
176592
841484
191953
647904
681040
683454
667626
407976
601008
155471
835271
935544
287789
148361
275408
616789
894002
817612
959150
627287
323825
380242
313044
958185
844380
896823
511037
815058
455762
979439
693649
953351
80627
136833
753227
361294
713527
538410
604565
460676
37173
56412
486573
511437
946673
612454
617678
24793
312513
925803
662422
458367
244421
737447
958996
239454
72533
695236
165021
608689
213480
556655
311451
125648
194336
539033
581214
160225
483758
431675
287624
784263
289899
161167
51389
893685
615944
607873
52404
838887
847786
305622
318608
935439
987114
791716
572961
961669
28779
157976
453274
460896
525235
494587
191729
329619
654970
330080
943980
143335
690644
640252
964537
800077
913739
824400
184767
995459
606164
473864
803442
5401
434532
13659
849534
190736
607016
237333
97822
653420
573951
566017
273355
323693
78700
836639
346832
148592
233015
491143
614715
675069
247291
574253
123343
52064
335097
951871
816402
191556
729864
632463
152924
58844
803524
835555
905292
986696
819776
611152
860120
924047
937753
395980
348235
238161
876390
714468
730870
339483
219425
615953
766798
184919
529971
540733
365810
813216
198385
59454
51841
867083
764122
206602
423926
246441
367392
516900
288081
500920
936895
808728
367770
281666
48827
254665
214614
919345
753333
669484
67075
12302
99657
325353
580133
83277
95573
229121
813104
843765
691281
608711
26206
541019
303171
314741
178934
645956
562636
314752
984
710339
890219
162212
604181
16407
975419
585408
627487
406183
627039
498391
509142
322101
878582
186297
711384
671903
889811
57870
487477
38733
82184
158113
194565
112334
131628
536733
635218
639873
70909
750910
704835
762690
376261
117508
256700
54900
295766
190317
631105
184761
423359
988949
598446
783253
705433
205796
412209
791015
301511
520513
509833
422587
726713
230062
107209
443558
419603
581795
266748
959729
666764
578386
283931
265514
294718
223046
717182
697827
185743
594795
55049
187846
173104
570910
110060
686091
205936
206870
122721
17497
277459
617836
234990
213685
30319
782776
156319
208510
267625
418114
512573
133399
320014
344625
192694
427978
38761
244627
221909
725499
948460
397115
489673
67085
64042
608400
152704
725214
142183
811589
987689
81863
459412
528826
400627
452150
519040
864043
62050
578651
689474
96588
24724
996687
132700
700293
625551
325598
389536
213230
995285
710370
921777
431012
19385
724602
808518
122265
642470
440888
349045
973059
130630
839460
605691
87664
596558
437301
255051
329914
67756
338099
628467
972757
429473
29651
71442
240349
32083
177625
61282
844514
984517
623017
912083
880096
680456
474624
802350
623255
417050
408721
24811
464278
365642
96094
765775
432781
140386
362525
882057
290649
66763
803123
107642
806908
786075
891378
322367
502255
408591
158428
987490
499688
914087
8177
367235
913665
244954
367314
706288
26818
863653
973399
253953
74496
409187
900846
814141
125862
249681
314433
569093
368997
433150
772549
149501
619240
565192
397118
184641
518614
901685
399111
740246
651994
813298
141092
539841
978489
434776
707029
922789
79079
625816
876789
417821
403057
940715
171261
542001
512138
434253
125514
477946
319070
54032
542817
559182
666370
639945
613123
821333
641462
629232
536675
66652
889438
905005
190783
438566
916610
347465
816021
892793
556711
491599
57629
387932
137364
364283
777519
959540
323716
279780
826655
469196
223242
479711
776802
675105
801147
277142
676934
633483
394964
917129
488299
94238
893498
454610
466952
566605
826363
82854
757667
629068
257829
108286
248166
830562
457546
807901
838948
594056
988951
578457
568478
27695
239570
933476
464422
277827
614301
9289
763525
310171
73776
438114
405442
324687
911309
994972
950538
997166
32512
598550
43440
759556
542286
744298
852274
526513
38831
761264
548582
932553
482377
591936
730031
922807
142768
833685
625890
518335
324715
609086
512845
611050
4726
273416
14707
606230
433861
656749
74884
483560
662815
169679
284254
423292
341831
90477
679037
796459
466613
224843
726845
584498
823925
962476
917365
580746
852544
328196
977082
161208
771417
515137
352866
951383
265090
158003
874826
657272
159808
649207
734059
391486
273465
485262
787405
913570
548170
618488
112139
649146
401871
424085
194232
323295
976009
275609
793367
43748
451924
479305
388519
339408
956032
950314
676670
901133
85403
412152
2182
150457
78625
578856
418900
52709
886624
898261
444270
582695
492507
164114
580541
714867
774654
15380
813031
711290
834577
869445
760509
386302
973383
896558
130621
252452
777612
731298
911824
290195
119947
733892
671591
519529
772360
969320
923059
589576
955128
575501
646178
189694
11688
273157
342183
71444
664370
643669
208579
821185
385579
355219
284913
574961
123850
101508
888007
382600
189919
42291
729179
18399
194359
713726
932431
272802
592214
741382
640160
169667
698707
296223
182726
269795
421469
329143
660445
177006
29418
842362
36196
203072
335760
32427
963088
43107
416856
279471
865891
314419
888486
138032
340780
78750
240923
665016
760684
878340
149729
805237
880287
78909
360976
374475
691101
706415
124149
719322
448261
879483
140439
412754
68092
285397
114061
111607
971363
303924
902295
391238
391163
480393
936093
278525
730711
608770
405594
139246
487761
210970
763808
457684
816283
722419
879081
719555
185893
567948
201155
894737
742956
768960
711581
617684
259368
373527
803224
704339
758240
215620
39451
514789
597596
799070
400714
251094
972500
225221
193537
655932
477003
994984
475414
471818
234054
844541
563000
960544
744131
252504
89575
15851
650090
27463
821983
515551
538286
490927
282288
750857
188292
651755
868228
764159
464987
745952
311574
175399
935296
750040
986796
891500
795588
273845
77380
861428
642822
253503
384611
265491
447812
881257
562128
7261
814530
927572
994898
801467
912044
769099
293317
363737
986212
487351
706078
430435
154375
199452
586085
390077
263138
77892
71833
220815
633650
265112
151942
884224
171264
318603
672597
345322
27706
864341
64195
760051
397313
245182
82160
617658
890601
212143
838332
361072
613251
242371
19312
358686
639089
815224
199344
197474
861399
314338
133829
142777
50475
122640
247808
77482
762343
254540
996806
820604
14085
588447
564191
349580
833576
62270
919297
57068
807275
689096
434364
640108
290690
283313
386941
16081
665664
472798
262967
859962
925271
189715
807554
702914
196876
438190
487175
836258
391711
422697
340704
550490
62925
215062
34517
922916
425703
728557
98441
356171
450979
256643
850563
206297
952965
222727
576232
748037
634544
52305
737845
782534
548701
378642
675540
267731
523850
535088
633651
423053
29192
39732
945288
18394
188170
6171
265224
57756
693620
971692
635844
597767
36223
654837
469403
355301
478000
586734
20751
270424
239477
535346
930207
117642
96495
460321
935639
348032
762892
552218
814816
503196
657626
698996
322830
666077
373454
641466
998842
299437
207923
119338
171120
614554
363273
986701
81007
167230
571368
363789
241886
95003
102364
638648
391288
749875
915052
872731
855345
190009
563836
386630
82794
498259
376256
521487
496027
151877
128244
546005
76295
442725
106804
726188
772929
248848
935478
303267
201626
832106
777024
955896
195990
333024
918618
215455
875721
610570
315830
611812
519015
113023
389506
466111
269118
967018
515310
786926
155038
329709
78450
930985
5062
913426
966440
366008
835758
751623
763114
645902
36013
298157
914482
301022
879915
995266
261637
633595
903112
631622
147764
212243
314378
12452
25110
588605
824026
805583
439114
898341
476182
552331
401388
247639
153356
691907
585555
548521
836758
135345
442494
433148
213875
926263
829738
170975
85686
548221
510126
19632
177278
577885
840243
556025
406237
161869
67834
194166
578685
239979
451110
982958
372588
188751
230747
317828
2298
7211
566562
260068
545773
620860
848296
985218
590899
56768
575199
291851
211089
261481
437569
104022
162409
740036
972446
385738
906598
376779
910439
605316
783955
488339
513859
324771
713430
78808
887094
952186
875151
119261
956591
369937
640945
313028
414177
282753
637920
905289
934195
233365
314248
515577
958625
38416
774520
127348
935189
170609
927174
734517
764376
528651
283147
486908
988315
105955
425388
352075
797689
315468
883008
828699
820235
631023
322202
414533
910976
133859
263985
959950
753173
83077
722458
557485
138033
765836
948486
773471
590644
957685
639661
836995
934972
933387
900521
318763
594561
726474
512699
457088
396749
783054
24663
835972
16422
349521
839701
727117
936393
782801
309032
574263
612552
679565
219108
414763
331115
17445
87766
268642
626107
223159
177676
746143
859138
336261
700764
53601
587429
621158
62723
208143
935636
928045
318312
634783
794398
883640
62341
237003
568723
366716
116491
875255
661499
472770
218537
242145
972710
581660
958076
20148
132261
658214
302673
192580
481975
540994
48330
263480
222575
347305
30195
151841
724789
93920
711877
554456
147455
572128
130776
946232
399719
384335
388968
941871
830294
762804
669398
381832
107452
551846
726174
81054
276070
327740
200037
397413
91340
155132
540238
918863
679563
308072
684514
659129
310533
251315
96009
183935
781495
584167
931109
3595
834900
973796
553598
982149
850999
485966
833296
233381
105443
793850
163462
321765
433350
866458
67481
931122
421592
927305
810297
208563
498463
433273
726205
857566
351907
230572
68092
932124
674968
315987
304551
22329
682333
575014
439176
625
836661
683909
356088
16766
520787
372192
542063
775164
195355
166937
881372
134460
930754
536246
935538
753810
717363
849767
774092
640493
650769
20706
185100
672949
596545
10994
18094
811147
8285
209839
350615
595621
635303
93688
116222
68672
694678
233525
371194
951916
136155
453150
252937
866884
611748
519760
764043
435464
16555
422043
140924
840406
167867
953651
178055
364044
477781
380974
629437
296170
422104
251276
459209
257133
671091
767326
826817
180917
288020
334836
869551
227498
892670
779876
435834
837408
102715
271186
591208
438154
481792
927827
183993
908197
920075
922346
501993
187233
500133
106791
473815
667653
819912
813510
478124
992079
498983
716285
818870
769137
830070
928254
183178
173032
302195
369731
919539
621993
724027
65931
889023
685603
708253
19999
232065
102066
11925
205299
415125
371557
264600
691221
71812
663553
327948
838126
406336
604729
63850
205654
710706
968403
265752
609144
782584
625268
647550
135862
291188
235200
315654
662865
106820
69598
531553
160391
889029
949401
235083
841325
14918
951468
834577
274098
444855
446336
868112
769506
262472
102951
931847
408019
888189
101684
89180
17571
902133
708012
907201
993185
607764
653490
797418
819332
544125
581636
221375
124167
153125
602264
248970
316164
831807
394529
962901
882512
865651
441706
474500
716879
269583
42368
618166
164660
83607
701608
824055
19709
19875
600115
449334
63199
203336
741035
429509
638362
337932
346871
562209
116261
164564
640323
498272
80532
776918
37496
121197
890445
416725
516059
450502
244029
410544
912592
149422
549575
178498
3353
708393
690037
880679
960191
744883
608304
795716
354357
418167
985796
21198
628388
800685
744872
948179
154665
108038
310729
617876
848282
34794
480607
456307
575625
544309
138528
947208
755644
874834
599927
542713
438368
535126
605186
855572
990878
651190
782755
694290
560
680329
998745
903287
384591
170557
388797
63636
485111
622041
475042
203033
283394
686623
396960
85160
945011
786915
273827
853102
127565
623479
755807
577596
54683
269557
114403
895285
280226
623360
72644
638045
175948
302289
630309
782423
44478
732379
705651
171250
320032
583112
697786
876641
630657
59240
159868
527307
987899
885310
990470
256621
828024
155692
338292
1315
451157
788993
699140
826129
579694
910945
722154
55054
122757
712334
472667
947238
46443
184940
10226
560415
256296
19631
619299
536344
226333
550109
637939
24898
214069
73498
122160
296542
831760
942198
61838
608435
217445
156142
45027
246876
742997
463867
129987
582166
761411
855971
873350
833918
948428
93276
897563
287577
174913
568294
974099
992921
696590
923186
549183
310509
75496
226962
811334
554262
2896
19501
851729
136421
927444
966024
964924
179561
998939
693103
913430
184999
8317
520900
763167
714177
734621
533846
83407
877114
447771
955686
419700
154725
190869
590153
401098
966729
302887
24772
342540
362548
626169
60673
965031
73579
247727
84849
105677
498626
347120
788976
19872
540774
260861
398316
136314
566184
896766
784088
830193
382215
590206
74661
401364
477711
153393
414876
906455
542801
880890
231517
857348
376559
297992
820604
908674
114700
701412
114857
394272
975080
881448
940078
527447
854702
599252
630850
761975
321434
624734
779641
205454
304838
741593
748167
345094
865352
523450
599462
36975
436755
10868
338783
923504
776996
539721
128094
507346
195770
342788
472835
737866
116395
214366
847762
875580
616479
514337
443681
823494
358043
554734
980787
879669
877285
222675
743225
375976
358642
268850
453103
817415
242772
818367
20156
913008
106220
400753
367758
646940
485066
364637
687933
599185
612093
927228
978583
456388
649092
334288
879764
838377
78041
78931
330694
23711
57666
220197
515079
627058
813584
542630
590946
935114
149618
179951
595983
960502
870190
741188
444473
863403
435077
447816
847993
622894
932832
363687
755239
797704
591100
693826
114095
278835
975689
171087
30628
913317
32591
37879
756274
467500
364092
247289
104270
854088
106244
650552
42616
807747
184966
25423
957562
453461
512594
217433
342527
31826
7703
31781
203589
772031
175038
828512
259636
259905
137971
882559
331226
385241
297097
635075
643124
191672
139427
238876
431284
803014
852870
299758
22416
258387
89621
640973
810603
45997
890487
745020
122573
744056
767235
810431
949463
161242
806184
383278
889821
912406
650416
758644
193253
540162
501725
334285
808106
873304
789763
507417
58519
643912
778274
264122
227477
733614
732485
29249
298867
922521
581466
202050
559763
707544
823569
583427
962507
983051
673323
975364
562010
786588
140699
613287
954542
411139
848689
126849
961231
21655
531502
637779
713160
271548
906722
378862
651613
33477
819602
658420
502753
356927
825143
809670
847800
835059
853184
804606
776361
558592
265854
417187
568195
397384
926993
593734
830404
530012
290965
833554
842300
943064
284920
849979
35454
405629
165692
822788
568346
684437
665811
537952
388455
519072
778298
345521
27002
176025
407880
894136
61719
537023
167723
98565
669057
167886
135052
597161
892010
517013
408944
886995
681660
775422
195219
846020
60285
345243
924418
223364
669366
612648
988113
820279
546677
777709
684744
921560
969094
954300
202879
926111
738143
316356
388784
199261
250430
733405
374953
100395
307558
769574
916514
634588
240555
312354
382318
344935
439271
753734
545776
877033
22358
156714
798122
280115
904328
940530
346025
267220
605047
467381
127269
986514
804638
749639
364006
401520
913321
58671
757319
193139
425982
447123
812235
243629
894931
774947
281029
557448
980921
645886
66681
782032
496671
769863
663800
297117
498898
371309
144136
454393
403385
783155
416699
871708
690805
560775
315880
103602
520046
636918
86388
600358
505357
4338
357831
949595
821697
387339
326748
811690
615875
856447
696071
15048
620744
379049
657248
214619
895453
844956
771692
966787
358744
355092
256431
410052
165746
350647
603661
984644
588267
660430
164227
892972
180706
186552
887211
386121
807930
454334
852863
12310
913992
543026
623940
148792
621257
521468
104603
452357
83565
258610
461875
18865
51866
832428
639255
235291
716439
877280
276437
490962
980832
913123
168246
278005
105578
975908
105327
304448
999656
867394
464991
446302
301179
83557
160856
611093
885162
530752
870531
244333
550149
251139
720770
291434
746847
680966
52925
242894
281837
939511
123985
343111
95323
573749
396690
724289
88617
844243
157068
503533
609076
921750
466574
16631
262708
56795
71033
396765
71444
892170
307498
836807
306258
871757
894568
732665
857856
244344
804879
271721
954323
407856
697128
554524
392719
433553
971633
400072
675040
541397
399256
278919
498172
117151
580675
7228
891870
166633
81552
899217
421526
749124
604680
840146
36400
502299
183571
513320
455829
418547
692373
822544
806237
899242
406599
33728
331684
801181
500246
587281
784972
553486
931494
304140
302316
536156
461920
812053
107153
588954
723726
797238
685021
608003
600016
367712
367303
984962
211887
30376
90787
241934
379836
647388
834591
656149
448621
111951
80370
907787
207978
319027
179190
451937
652947
873641
356541
201852
755647
653579
799168
376190
597575
943917
69145
225557
194767
363461
505668
256766
348017
56063
233881
532971
348726
789632
587724
132523
927840
53523
589779
983054
117597
977042
871010
220587
193442
130372
122691
888914
313203
975359
599720
163833
653528
982971
953793
113353
836819
11053
949572
415327
906358
402008
419618
853225
942371
731107
446505
551272
343122
892188
309992
743764
428540
887802
836614
714957
560029
681285
54581
107559
760973
240729
122548
243209
47101
365426
550002
397540
899509
918384
107000
422209
758325
598820
391434
403965
523149
724861
801855
21128
902241
611712
946128
463311
581205
761521
823861
45806
154025
787764
737995
582349
884939
147650
839004
285263
174284
780224
252607
518551
993261
631183
213672
202496
451854
172326
704861
269002
237545
52379
151609
204264
536423
94531
642158
358611
424814
230125
970963
148823
63694
21850
493296
525397
521583
589919
706558
98260
642561
820757
913891
129708
488650
879283
872251
654706
383834
65417
520924
973503
810742
352465
420557
520843
526436
26156
750866
453623
133844
247921
277428
955527
379145
124049
820574
783461
494698
737982
449777
453840
921471
40481
908952
647491
558785
233815
885253
535682
560342
567164
620041
932767
407888
880648
869706
662525
115669
285204
626096
851726
147983
425646
279454
50171
858570
277229
662531
296231
920542
362858
597041
751912
647613
779338
552799
482953
78813
982729
390713
865371
308695
739028
489411
875187
770372
931027
756606
555032
393414
249034
659443
91738
571471
357529
776826
845935
694535
587872
179496
802587
183763
205503
655164
317760
845464
444831
721922
891865
622431
532886
729001
901667
431019
459984
313867
848214
617685
949259
211080
465509
905892
106167
433427
934609
174238
29661
744099
701900
623383
388755
892204
946395
589399
853602
737913
858212
669105
358951
475132
255834
160758
189165
357559
937468
870044
932663
557885
54843
956010
741890
631845
185015
598072
989523
178174
946777
822200
464966
956846
497826
684828
71490
611884
533723
462725
178749
355681
529288
187274
864771
86108
370775
715725
288269
858565
823367
81193
47539
481334
618493
399567
127088
421166
336595
564670
978109
436079
977547
809068
20663
263805
380713
588015
962287
132460
984233
731848
893974
207910
679864
214113
276482
260890
594909
385681
681161
758955
960351
86624
436886
977378
127553
326421
691767
140479
674405
993180
950311
830914
764458
788337
626863
141912
875414
253016
196523
785900
687421
821276
35001
536399
390595
442541
123287
625604
232651
122077
611673
973550
135729
715070
1922
959982
977985
99781
415065
593385
575961
684604
734254
214655
535287
515432
40260
277538
328781
643433
9733
793186
958714
934706
64461
964547
970478
182071
622472
827898
26221
627749
329819
447705
553939
775661
812803
656428
8309
129644
621863
708920
767861
293236
579403
277214
587654
743999
565740
985764
853959
576068
985102
841749
119962
298314
720032
468606
317476
334410
826497
891190
13670
246182
204340
984904
974284
884672
800853
290904
725879
363231
833404
211052
788443
248889
511008
434931
434588
411966
43038
252325
731745
161388
143099
121588
680601
459513
25780
167326
942096
150423
584457
33404
804657
527115
402240
49481
401875
866424
738572
307264
703341
693581
353468
857067
439641
62343
422492
870375
187588
794543
876828
435083
852826
6722
456145
504734
452507
74169
800270
855525
728738
533556
645475
181066
772704
323414
501361
713410
772955
376998
811011
779572
923357
483244
369648
740470
720672
658041
383922
276173
303203
572033
355864
892230
621351
970312
720378
862506
564158
732421
473417
788166
751439
759881
281505
782491
989522
884512
760014
861494
8041
400577
854648
768069
869133
345742
141007
932158
515254
641244
144153
420455
154650
132391
710568
525658
211819
979897
954729
251643
160708
628973
786025
267840
903867
82648
677543
458229
847708
598505
4332
988707
407916
830794
667026
422367
542658
952223
568086
858052
646365
782709
678280
208854
102625
560111
220612
204670
799404
787399
5002
329976
829112
316200
771015
844487
894648
613863
645773
526664
869300
638965
289036
761561
315572
383889
826399
818025
970947
706738
482072
26469
288910
99964
830384
117381
1772
598255
407222
96275
658314
407156
905543
471323
755024
91972
315586
182198
736179
117713
696479
981920
989003
132160
465407
831047
913668
681054
716487
847915
427343
1702
805528
745339
27652
175244
303522
398965
659252
310672
290330
69374
787145
565282
521869
954441
334322
442598
719690
585097
385856
790441
645124
6731
800731
560232
517706
82171
693570
437155
580591
764063
455565
533753
460335
688735
916772
688533
513798
482137
861652
256054
389355
686427
329052
475400
310181
363713
643939
190910
558402
374537
840192
288685
743158
423617
372621
918626
26397
858802
507684
198337
525284
158270
517304
746186
995259
567979
747322
588628
331098
308051
776949
860951
113575
530472
786513
115431
557672
305788
289874
532060
399280
315359
719903
283167
367872
364486
50860
790785
415713
689873
294512
457256
889955
16964
270113
820466
878850
108803
118453
869976
978960
504288
238820
143963
644819
568213
902047
493845
136114
668265
985567
15018
154159
702574
940634
359395
825970
673049
402044
917958
219444
131632
931960
565649
589933
643448
504564
427915
384829
774365
983530
875677
130843
368682
544912
407867
488975
562172
249936
174876
411717
910468
678039
649838
514502
814387
1685
326063
103273
340764
880930
335482
103740
786386
6220
71138
438621
362574
985630
636735
485946
829603
673136
194207
709172
4556
646579
254419
962257
510597
336060
122755
946475
276693
439933
110200
790858
613882
118687
541578
319513
979255
700856
324462
378571
713086
743106
668492
214274
879245
986315
353183
232402
265450
505715
735692
805427
731551
530493
939261
986838
764155
653901
355905
279260
603864
296681
238471
54086
110560
284755
493567
415683
594561
812232
372809
38067
44664
25159
505032
527344
650949
594327
788801
900322
225094
851956
400690
734128
959769
691005
27409
377531
912744
3421
342551
994189
534412
866819
270037
946425
965295
664176
269424
344523
274158
940616
269515
407522
583191
883339
488922
220793
7731
805848
817730
2286
88867
783279
497041
315456
335525
340875
302402
518327
367083
835215
512262
934433
693333
577963
991995
425626
503104
898523
236478
325380
725306
125672
349746
931614
148070
907693
802547
24031
550425
804326
920923
210988
577218
236162
82364
778763
511649
199427
720912
50701
826328
675713
182689
181289
914456
45862
381800
433540
396881
279296
907691
278118
120080
648814
458921
916598
362214
990811
662201
722400
525122
320101
335359
864163
316066
291573
333970
91
778876
283458
83106
907556
176314
738367
432641
438459
435241
623897
717132
170595
517137
170877
101323
947950
379283
966522
385188
861144
220728
867324
800925
339350
947760
533855
432282
265245
67212
54751
102800
176621
824369
482208
763101
145721
565358
719492
477862
25340
738658
94963
333544
505197
915148
732118
808147
235615
957231
942013
482981
465343
762885
188576
979989
763512
835921
553922
596706
35694
874121
681672
994300
207601
746192
207636
944568
737857
762543
695297
833992
927813
646335
267030
561390
607812
81053
956104
827445
748836
493305
853855
910272
574846
104611
978259
55446
101494
951229
409983
883205
812694
516951
215666
903527
604682
458422
704596
784565
764457
347398
283711
464737
933463
125331
337077
244003
859704
205085
279864
403998
397043
134136
517768
29213
530453
884927
941295
652510
347446
302234
376799
91715
157970
362447
703444
537801
897195
538869
843270
807640
359118
996328
172171
746964
394454
236663
680108
414678
11218
862241
99304
673144
227463
553712
310236
802672
735347
984949
194324
318687
58570
681082
101117
25331
978361
33205
716307
313518
375002
384943
265680
411010
575799
16346
552508
50726
27056
683260
172375
182793
19572
361214
383287
381708
90412
133034
158577
241816
264485
482367
991643
326634
318220
608213
691668
234268
319145
214106
985366
702817
586015
637198
665141
96274
660507
496257
631275
537856
203088
139781
960221
477816
539972
591096
545447
622232
307897
32101
362454
425996
22451
199760
997755
611198
11679
919215
489215
708166
114085
210460
971502
951298
408288
22030
589264
898026
486187
718765
502402
334347
756845
989823
185750
378841
162475
524484
961387
747999
406240
943026
680293
853290
791893
3305
928486
956886
773024
966374
583644
957181
752736
966194
128678
189609
121349
648292
164876
506123
210299
360941
341484
13680
673432
402580
78260
257394
676777
111265
717901
394887
282003
384226
313307
254597
475068
952911
124717
123242
49237
824702
115300
696514
241372
859252
954746
92888
402358
262543
906911
677612
84030
165219
9556
912864
774896
139871
565870
346473
676950
267296
792760
903078
330105
653853
752573
971128
77304
357202
362246
761995
718202
395379
54373
777244
78624
13244
516245
596310
191063
328279
697620
786754
845709
934139
916783
782263
731803
420661
543509
256141
731191
373577
251202
975550
545508
35719
617762
500583
338528
979918
522349
462154
930462
103985
737226
4154
381657
779845
681766
946988
757255
548883
120137
958648
471982
806407
643855
508386
834701
821107
483265
373286
751144
972411
151096
397376
661822
316554
943496
119468
117660
119601
26901
338899
340692
561947
415563
403395
257874
501132
972919
979718
48936
675682
541810
517070
65698
424803
870610
660915
21198
272543
213827
287923
770774
51908
351157
226829
732605
380628
902024
390140
418127
997795
20297
314381
649057
867725
235467
29208
478952
62374
194522
515903
989354
598279
154389
374475
785907
665673
962094
982092
781698
175892
107070
795756
742346
630852
389782
720478
954089
607464
187581
572337
117557
640831
821143
688826
691928
323741
391183
954551
734250
590852
221548
806364
941638
222476
890058
468958
342938
387619
724581
956399
963685
632379
204012
457764
136275
726813
981282
703206
676802
436486
469419
76713
536714
679060
944580
478926
177373
937575
367848
189407
578667
142581
239260
970187
665027
739296
933019
220293
390945
574987
516014
942365
742865
989756
594261
414046
186616
713208
785742
664340
978088
626802
655068
825680
473754
175883
187566
583113
258352
458898
697717
215899
528936
937026
114493
653177
558003
810762
190706
520593
191029
699655
700549
797506
724363
221007
455080
941763
772331
200285
849170
885559
684321
260071
973402
371085
564685
161855
702927
932934
441996
533904
108853
877351
248503
875107
930006
669816
812148
728429
172557
637454
816919
328791
921124
142323
950146
881493
180591
773382
380945
427729
220138
732944
549111
226475
882297
554451
8231
989943
989841
43592
997901
268514
964898
674560
636699
963789
38951
55865
251957
668625
164788
502090
8969
168271
148871
342047
561365
363717
976685
338828
557973
806700
192836
247587
847411
290561
353837
95709
199083
365225
990987
654345
66485
612315
543432
244133
134269
15983
410256
508471
70632
469091
525733
302379
666798
212448
846095
964220
457981
871119
588747
250102
462416
311557
690275
89746
464131
208252
656860
714908
148859
490128
923355
784414
442598
100681
506835
469179
371619
714686
285904
866311
661385
589975
443533
399761
404875
376901
902290
575663
387506
533563
420797
326591
539903
894004
641717
512058
840836
640374
991349
36010
317892
632177
757516
989609
252878
386092
649195
68495
435516
942539
490163
389385
184491
339538
182964
946665
285559
94906
176007
9560
256695
92589
237324
463407
29671
785024
519882
411639
81263
580158
684018
603584
513975
210514
529196
875044
812755
582387
280238
2406
667111
124115
984708
427385
154598
489066
91575
25681
293683
663781
971993
885952
314394
34068
433455
402982
980050
71777
574037
900996
559672
835420
567919
904454
364253
461246
687744
779666
648248
287804
100943
740343
475497
721382
466419
905965
737185
796727
854994
741184
910978
511923
856661
909536
695400
394343
896809
921034
838044
440587
384686
635480
957158
121761
596201
131338
33136
656568
136564
977584
647065
609065
236383
300223
889431
177871
242355
988974
608565
472147
714814
172152
365699
870669
78992
380642
715720
387334
895632
693937
761103
551911
935170
304270
646766
885454
283072
2001
930836
464134
896249
816065
391424
917158
977060
63696
948656
415281
101341
634957
610658
403140
220151
765659
169298
123409
464831
982113
656700
795998
735280
440020
102372
318592
224811
13005
105867
583407
559057
449575
218167
15515
462312
134526
207824
329735
681719
873987
517084
175384
966421
181688
774623
464294
882323
175365
432334
347511
789300
82505
397355
98677
237183
719423
301997
820924
814544
839789
410333
87885
909723
346581
39404
570214
300464
244032
661735
998728
524262
702061
717068
413682
986686
863364
296874
817599
538591
47478
605719
908308
112288
774704
230143
799433
976024
548368
738884
931717
776313
251984
532474
172074
265532
444841
388538
863262
251978
888019
809670
757369
509981
390771
461030
504899
551735
250269
479220
461184
485719
953373
106167
261342
320119
849033
782014
738283
489556
280476
194290
467928
647011
673437
52501
690822
891451
630665
759965
275453
31775
816163
999309
954269
359029
798413
711887
912570
669283
633139
237027
106552
306793
803972
923746
945968
183175
280266
477749
632735
966609
971881
305449
202443
883222
600219
624330
516266
631795
397716
486932
219565
673713
746730
878627
913020
160255
231264
127108
883211
856303
803066
971902
396702
316400
554699
914686
773121
443520
385965
982498
599545
837904
291433
871204
711553
334633
673056
601594
148698
557605
355530
400415
447808
431619
990661
172892
165969
176272
286956
585291
780680
910040
703334
499051
251456
585520
191856
74850
886152
599543
268462
453798
975676
15638
397390
50217
298315
817677
583992
688792
438437
273283
8637
451339
254600
287705
651707
205181
293047
787425
957908
455443
642983
280200
779853
621042
756853
810508
506173
599042
694651
584515
763508
335243
968515
712220
60403
992862
74149
105748
3753
340410
953424
109527
48968
607214
902058
262867
565682
527321
557223
406282
88055
140620
553183
247385
876601
884790
118419
416619
734522
462412
283300
808956
246572
652545
825150
103728
734956
224318
345097
435473
474199
301736
182608
154974
629119
535572
200249
873740
180986
39159
79769
192539
765276
443971
760780
780646
657364
158559
170918
241362
877474
308271
853003
301075
530164
521513
585895
626571
777755
140043
268644
765511
449085
213154
629809
677942
575570
557350
945561
497168
960311
42136
646076
872165
176181
266417
697409
546270
293834
64604
170173
805417
90835
679472
676429
987435
315851
523885
33415
113100
293935
58672
369926
715166
55974
455961
844512
961786
491770
393714
322065
896522
147411
308532
878851
367404
384406
148467
757017
170868
615564
490389
778043
31910
288404
452337
449155
386936
5322
756368
913861
755705
876019
176396
934161
726013
243491
519107
218106
112023
228337
192070
45734
766003
361318
490447
40752
87449
344450
785546
154815
901245
977050
106039
578294
842063
333974
249945
358274
180349
316961
280181
438293
458695
592968
210516
310412
929293
624408
53822
358615
427563
937211
552872
721900
753776
619174
385080
100396
114356
99760
949475
671120
310761
729948
205591
39118
206308
603935
425801
892405
67733
511956
759087
242118
423226
662733
12504
824728
846675
62598
780962
321606
738325
644719
684261
936456
474741
482822
216745
764480
2575
850003
502456
519960
916888
441953
220171
654588
665256
61518
762606
683074
30361
185732
406069
705368
486174
622082
454417
113465
778649
924416
656063
656492
661542
544615
308176
935042
173921
682568
260728
397380
759195
120581
924464
483975
326761
370573
914827
157675
378201
299925
539500
617478
211643
841931
497676
650885
397891
28279
396507
619658
350421
813792
123516
450078
868444
854520
257174
720212
552157
176972
299555
16847
803694
91801
39216
267330
614747
176513
863449
704759
743796
492056
91098
379595
682684
122469
301195
554679
394873
200681
255382
782624
231423
690557
354810
690297
323711
296824
780498
356640
791968
368003
759645
668594
166049
581409
973344
149661
370518
54299
500160
728780
246593
365395
442089
813647
101774
913959
238334
833821
951215
325513
5439
405427
9158
652470
784772
730117
824330
339048
513854
655657
729811
215756
911859
971614
712258
831146
590770
945649
452819
576539
260402
972436
206422
275084
627858
476813
139326
26912
202830
615707
819185
151249
534357
324955
943804
126970
3733
352217
501176
457625
587843
431492
810084
821860
537099
698404
275529
415769
228608
18485
21170
296152
255820
227035
463777
586782
983955
649947
481525
912036
565603
288078
132095
717043
446109
837394
821303
366098
972062
22777
410353
553611
796596
23749
890953
519130
634326
213173
189459
897295
328242
789955
134878
681745
885152
745115
165307
970015
234734
325140
508439
306997
246789
283499
874223
675504
30508
613527
233142
161743
370454
362564
965984
298339
682186
287732
1286
546194
448643
467121
116495
107591
132951
479524
996876
108984
335381
178198
796206
879242
16386
980511
426905
705617
209680
147619
302252
574409
350008
143644
572032
550041
699402
966424
648840
926436
102499
72821
790842
102173
990179
725199
998703
368614
438086
535819
62951
710042
156204
587187
294678
899303
805084
645410
115584
718492
945099
563469
301155
338783
902411
10138
112418
840396
971194
248414
932074
279980
335323
553298
662876
190026
271824
432621
175015
111186
175291
928469
334151
366650
656032
157338
526453
288263
749666
893701
269413
662195
846674
3626
645118
750207
586613
844166
118345
578979
609799
989458
533033
965374
248934
175423
790970
325646
54507
569692
929031
740291
56729
332223
78417
922753
253024
16918
837547
88141
924257
432080
811752
51225
760804
116433
363651
581298
447437
299046
38985
201542
588540
604502
337136
211121
379300
349811
534427
140370
596896
188629
260153
327892
738154
274176
676085
780326
139960
986606
501528
446118
511853
850872
317523
109925
148692
962341
120851
235557
874324
632995
467830
615459
882166
809771
867094
383161
143021
941149
63096
417976
135778
902454
474592
417006
666138
895327
691665
706257
868174
214077
160028
995451
383269
542820
422949
984588
173306
247642
698974
918151
784861
841569
293501
772468
684074
778688
757487
524717
953938
567366
850327
899213
594500
312844
254866
537133
398895
705991
807361
424661
315473
949017
378472
997929
623372
664823
96601
588243
96587
809731
101991
368129
504730
938379
334455
470834
731379
736191
834012
827162
459714
668533
716675
443973
212277
315468
786952
302733
267698
34288
237243
489304
887108
851845
628077
384792
481097
657162
228233
202500
634867
221217
592300
386203
490001
854804
551973
922393
658070
408151
748475
41681
467032
250674
560126
379187
253902
662673
599038
998048
802049
742095
527555
201175
90901
196011
489752
753672
930559
402941
190284
446312
393571
150755
519525
784547
498432
299773
346145
552031
302922
137759
620623
816593
584059
460369
282097
894121
348956
106213
783060
843510
529640
249378
928637
28557
910147
203587
210578
704346
322517
957764
971295
355497
334329
959466
244830
782312
842853
863672
702411
295667
998980
622569
465237
465006
889950
57642
939019
838433
272829
844612
802467
491488
564346
622516
25660
453319
384706
254615
656309
366099
604627
356247
954928
725717
386154
442412
848260
370159
303379
102031
267556
702441
76900
593920
332042
401045
809610
971517
65366
682299
429852
537255
398598
906061
633094
49933
515089
645352
274348
385945
749408
255737
527224
359789
118572
189154
579237
533534
499257
952210
21510
861864
152154
510953
583263
39236
924442
13297
542667
71804
892129
278856
910098
480759
514369
739682
196335
498202
819144
279559
862760
993473
342502
708478
246360
574954
100845
594326
241190
858281
744347
49770
790007
949091
450718
718603
777905
171419
393708
873380
857810
342690
152815
963772
493949
182933
772375
969042
336563
890790
195650
740385
763604
33186
850309
183501
633701
204238
256575
880936
113746
185790
388322
630306
920065
842748
728292
18059
230032
935749
530042
511355
171768
264814
313644
751589
221213
561950
791176
331874
120986
839804
394138
592300
278563
26155
290537
330916
588342
335814
81144
170505
694876
364064
664757
830868
802277
692683
610345
508313
617250
324828
251625
913590
566950
675136
396256
538611
568565
627092
474452
584166
691520
103727
986620
830463
789764
367070
249799
463154
468886
802374
957172
715694
679788
621022
476976
754067
610968
649249
630717
961557
993697
445304
117606
934923
722532
78602
643342
414560
959038
85660
533584
895487
886924
316528
333839
556999
363297
12943
563892
516966
387181
751307
329917
365155
543076
966902
154559
986881
613508
499363
508460
631809
507063
892642
565893
414160
794764
508072
737013
485812
778005
966258
356408
811703
514418
778374
204659
655963
803459
413590
837322
686712
565276
869386
578643
702902
470870
231805
651461
342338
714190
785959
101651
855597
782734
13111
592129
603979
595673
117886
139360
656157
69335
27396
746480
874436
824182
8246
988253
657013
147294
804572
986909
452937
605040
971367
641431
356958
590731
158136
605142
217123
176094
917593
903241
208321
122918
260485
894286
208486
612053
480966
963648
828251
164803
553422
28419
49582
76327
753912
415030
740194
394781
154617
990691
567817
442193
992436
471364
454207
280863
411813
625497
30005
161115
855666
656319
127989
718243
245511
842401
626119
56272
188813
582868
556292
949860
973501
553677
669895
45704
653154
494527
790071
649985
647586
619107
47521
853044
451119
781273
396056
265377
546605
934587
220693
477245
190850
182161
904955
844714
211684
947611
992775
78951
645
705
66631
65965
646769
453663
194809
734181
587540
417899
451668
408719
290732
607622
9508
232271
322981
922970
585245
384509
371810
207634
835389
432732
891714
284473
901298
740506
2384
525684
269001
998975
532948
679245
32221
46355
469335
752121
928399
240200
709213
287382
470474
781
158099
258604
137197
439362
837370
773571
37990
904856
159587
391629
696578
71009
56012
803719
773290
648436
509815
250200
364207
563490
13023
28929
852529
989412
879909
550744
877066
287263
687381
637817
515721
344418
829331
335005
751919
686584
802248
177773
921198
978174
410017
395816
772463
189082
724538
299474
880528
911057
521427
958647
617327
686701
781998
329536
420788
399552
642724
646706
513421
208943
266589
442418
535116
10972
574593
965558
145147
831736
516710
494678
776635
472960
358541
960401
90740
39009
676646
817753
649344
607648
498787
178682
428650
725955
267368
940485
591348
790021
876236
468660
993277
608924
648481
78178
490819
999833
826943
500260
351757
825496
854055
883278
953023
389927
388185
718542
640092
264130
704868
928489
759647
221011
421946
526830
371294
93327
668333
867582
31648
899732
842382
898454
571087
805822
858088
612044
216047
974231
716895
708889
177515
536851
867490
599973
331223
124630
339220
473545
740862
682881
149045
874514
142454
852413
146501
634062
477352
109884
401249
832108
398596
171804
250834
241811
645869
134645
987121
834049
792707
957919
576418
367827
597951
182130
96117
82451
486784
814653
241133
44889
173039
785430
397614
54846
373918
20945
94004
779334
678941
87089
86322
98819
165610
497501
691891
539299
613601
457827
287372
585081
414292
475990
922606
945252
162126
982513
18390
986371
144534
144800
392015
686088
76198
851279
405993
420226
203711
9853
696286
744265
952017
559999
70245
736261
861397
80574
471000
704218
850778
709837
826535
432110
166638
467070
359381
763339
296302
473320
972059
612332
103793
836101
69567
752075
660609
290782
74374
431814
343071
822084
734391
569788
991198
746321
675228
772170
960767
224910
793525
957248
507743
610344
495364
646509
954167
252902
550738
318902
113877
382117
887196
467789
561126
310568
560831
425496
383102
964526
951402
753328
936453
479402
838214
813244
811518
498670
459483
33514
158686
663789
31552
793748
907633
129970
87347
161939
781541
584328
736972
878934
415615
942086
598614
637572
785337
995659
446609
831898
282506
572580
440385
830002
139097
44375
907453
375859
452984
746729
65630
815930
523941
335741
101355
174574
520591
508945
803838
502842
768669
73817
228898
873481
443945
257848
88968
488800
943946
744930
518461
88304
902586
487608
683839
714211
667999
353202
541248
448656
927470
421663
978541
576221
554316
978857
577391
752760
844220
388057
704861
487860
692497
30337
698706
118342
442617
551253
191158
556472
615116
531613
915544
195933
914858
880806
663766
526460
336496
823018
161318
109541
25974
228336
233882
872000
993243
671262
802143
515048
737128
615272
449222
423240
402470
241061
741224
75157
987528
982158
901646
155648
123138
392679
245830
487111
906520
355777
969761
525855
202655
269984
528401
898330
937379
845957
222048
524824
430522
126502
432973
991827
895347
144826
812899
871740
224535
866185
909114
50328
427349
663921
655134
460043
674785
218198
171581
358976
573888
908372
825670
740141
764859
758800
998578
951974
481231
777451
183670
500288
110432
905004
462766
650828
888994
662289
374605
958334
189630
176764
528760
166636
91924
848044
90006
400276
108523
784034
725637
212634
944517
213437
186204
963807
353686
622641
125908
677398
146176
862841
175315
688409
83248
161661
238046
25160
512353
278
134525
537580
400161
332690
836584
439725
308501
4517
409804
723288
352926
537928
219167
891088
394235
48972
138798
829951
31243
302784
409371
943341
65952
350288
971735
744177
407720
588095
682
833369
421155
353813
411928
704487
239822
636396
411985
12806
733375
840164
380416
630309
454052
427986
647432
361442
331230
389446
848527
239948
158628
433702
741361
530480
753686
298420
542333
109434
32001
467134
305530
344179
706722
885260
386209
844514
545406
529138
338384
406887
651519
795016
824375
688766
294472
874381
30665
345536
892676
639644
657360
641018
644982
767400
128429
518286
675237
297050
7114
538063
371281
249480
207501
457393
88411
650767
575210
161318
68130
536604
943405
842016
171672
385271
428027
165063
964688
110969
579763
886108
187909
676722
13857
342699
104738
477190
585517
298672
653852
540074
434998
843045
690076
984936
253079
401458
378725
260603
678982
860597
600776
949628
206417
657226
168558
512665
360813
803772
976665
713254
539804
347615
254016
418007
911478
557485
740484
937134
754625
331493
607832
926349
640280
599148
521003
729027
753717
637308
359952
442636
905337
544417
99658
428011
362155
725720
680760
162107
592683
64291
847062
589969
302681
37544
409860
986530
676330
400537
297367
211868
896775
35950
703793
625962
400057
331579
689290
268813
165441
542891
967259
34244
90702
943033
256484
629820
91876
94650
235334
834702
401036
504006
200375
298545
390531
76993
725631
710918
738645
982939
980243
722443
288380
568777
660455
358844
966400
453288
461811
25621
147962
721008
838313
780318
372174
695003
460308
232066
669415
759558
81158
688533
563382
831035
238796
389267
217951
754994
256043
834730
7097
102367
739756
21354
921425
343961
486716
762587
984328
850596
431221
856287
926576
850208
963601
203439
116784
910205
767787
234332
44839
211758
720408
288919
158163
814587
29222
101143
379072
425948
775753
913467
678119
577996
167339
501329
310975
750822
139660
435614
488164
132887
155759
376839
240024
985652
820938
7364
640449
794049
524887
636262
156595
954147
312906
752411
21670
919760
300088
247276
414491
488713
941743
919293
827638
722545
700474
786370
568104
926697
930712
684683
98377
539213
766846
532850
575370
711703
143238
777811
123754
360189
88693
617964
4714
529854
441777
495793
473583
588174
198427
867948
24053
899871
901035
778975
745755
246044
311419
714868
287762
223826
213459
310147
231546
715184
167069
406539
341282
853554
701943
673377
763720
483285
551480
520714
603575
275917
692050
685427
183503
689691
831063
635092
702665
711835
471921
701900
809021
777883
353707
924532
192845
825304
276279
26747
828925
789372
185468
235273
262241
242319
65701
111690
848826
979336
802584
652483
775104
854814
294601
118966
341298
683392
139619
522804
970397
931739
11133
94609
695470
723048
696712
793040
762424
150001
205716
299442
931904
67242
308485
429980
251909
494209
321974
368075
201312
572728
811965
928352
13983
485414
196141
874847
480236
921801
312826
832509
199014
776907
191680
259320
660670
101438
840587
640557
51109
120360
295209
619664
307610
814581
196679
31700
29066
676711
669284
384469
858224
486909
646491
28120
117582
476964
736175
229572
960684
322237
352447
765685
714709
978588
246585
263896
585589
175240
144036
119903
618050
265177
407639
406173
335729
80014
783116
965448
609119
128800
4747
956478
497123
211709
474752
924772
431253
202725
456608
314598
59407
894950
172702
441541
574106
854735
450581
259767
226858
919219
356827
597139
726720
542350
678923
942202
607643
388602
776440
409872
561530
440070
495826
620455
59455
489817
708937
100698
926519
414685
71395
830555
988801
318580
680718
895237
338720
641043
540121
66342
152901
71449
762352
296549
323354
61454
613473
448681
852130
922357
233558
507567
353875
990424
605804
53075
520500
12877
777564
939999
350900
164610
957974
180798
982252
140662
666654
818670
432861
380930
979128
346450
429464
214787
907412
668676
51817
680684
549650
700432
423183
657021
807365
843915
549873
492834
583890
289349
537446
198124
755335
686328
127640
589440
776111
522548
780830
83046
573914
291798
448356
57655
208938
617443
861449
410437
877013
619319
185848
876073
505061
905110
59517
593054
239225
278658
734792
661398
394908
599883
407804
843132
322829
217809
41260
308988
917522
505120
197439
166184
544932
782168
916724
152829
361421
390835
525678
615718
720787
170470
707211
266235
616094
291726
625693
983071
54587
985093
307170
913497
784898
532230
535364
5434
798481
726714
459961
676359
570997
819365
443649
355692
651516
939225
559200
25486
843971
527191
452668
926189
522180
323110
854632
263986
616104
146229
644424
653118
822351
650310
332207
619221
932843
786946
881255
742777
900335
684745
968793
782367
576743
734452
538605
137713
682785
820052
745008
817180
214452
327924
128931
465559
711721
835262
368333
906195
157370
479971
66355
520660
34172
956031
478324
950759
333082
770398
628868
629053
445727
322926
325338
989348
342279
69682
975319
736303
206146
495132
429935
827691
17866
438472
101029
999461
71698
560794
551099
866179
525827
823635
42281
817759
481023
920820
365248
819096
944170
903551
307236
499127
41497
636171
275333
455522
601496
617379
490260
557369
397243
876599
859089
681414
576394
728298
394239
467192
205115
304692
966260
351067
491302
55271
509732
951611
686494
907420
593623
402450
897623
814001
653542
166854
231576
940294
83974
850771
118489
35725
253952
623895
226853
346260
466153
257654
470404
991282
745784
358747
531669
806974
381739
602495
538492
793888
317405
354917
394318
99125
472982
793366
369709
101039
892826
708015
19082
311598
591703
137249
525658
733381
315324
630747
759455
834030
516031
397938
419756
444292
556208
487879
67102
442677
570039
782008
143787
719333
299172
547378
807366
238732
164019
78487
321871
781730
156952
925606
771655
604921
699503
305893
515624
265606
950859
225877
977239
903794
421640
497947
786498
645290
609238
109499
144096
370009
910926
856991
254411
389353
888921
441555
479954
575888
586984
543834
102253
554132
976935
145401
390727
400288
563486
563205
676570
571557
204181
819155
596950
875051
119581
393982
410044
618861
889809
292123
247082
307611
608186
456973
625016
612028
162018
288650
88143
869173
951549
710815
366842
626131
888904
671137
160844
988915
587971
511438
664010
918392
392504
457979
722652
272759
135139
651781
796213
87535
765192
78193
147936
50712
741665
489
123096
553214
61250
356097
242264
24541
203505
175805
311660
699809
945565
687988
119182
235287
526491
651154
266910
573306
771482
457915
423366
624592
442242
10
773017
694284
224358
494873
990037
558487
417526
269444
247578
414116
324190
3460
990302
490560
87036
428516
646506
100374
819494
821885
246541
789584
11286
35102
825035
372494
893221
430414
808910
492066
661922
33736
545832
158458
662625
910128
434050
103186
303146
285413
548999
70999
821449
722154
812228
430340
784240
275523
296682
438841
525132
646818
699806
282852
324907
68617
614587
128978
641238
39391
355529
160015
490434
239119
183555
939925
981870
599168
818796
915114
149309
992449
220908
583826
634232
344205
733242
733773
85459
471490
107414
216118
660451
878233
892114
508938
859249
643609
781780
968899
379164
397066
809727
922313
788501
738214
238544
257396
340567
465075
740776
51600
430172
795076
439824
782837
982926
142177
611134
812029
480657
234074
792091
683051
733251
45454
904984
682628
614704
770522
15818
15377
19951
203179
69300
604479
607365
632546
535984
20246
193174
82534
360029
45631
521689
939857
134132
758009
273975
17027
342948
456728
163303
987524
844844
338330
59529
64723
916185
334961
14261
683320
684875
898446
123814
749818
573078
994193
736229
241960
512477
848485
883403
663296
456516
75504
369479
910146
837933
354943
905466
263357
180856
456602
118859
422763
694397
850755
502008
941323
184974
742912
429409
434835
81787
223453
292231
142086
358574
190709
418834
393756
342923
668130
60207
943886
220084
726764
646801
355222
751643
428864
683324
422555
830502
202457
542712
61608
11953
882938
881154
442987
120961
373579
809943
818847
457029
858788
458450
609957
46567
994949
373276
378413
722213
210187
22891
315985
543214
542845
732035
847417
459196
560902
274537
526064
823381
802527
545509
465028
564486
756397
507497
789124
89502
324597
363394
308500
107922
178743
805829
600005
646524
226074
247192
653227
449638
235722
116298
408308
476170
20792
124710
762612
278111
537317
160022
644781
877751
639048
531537
244113
249003
294070
663976
602203
155040
928367
677561
92256
863889
785215
96775
523041
692636
210117
552591
640338
429338
976583
130585
817666
265787
164032
144512
392548
535980
223774
826311
759601
539325
234112
488719
428365
782446
752046
191490
877365
453112
471990
183969
235227
27029
497279
620718
413788
702113
86858
526639
307488
899521
302513
101034
778594
694302
662540
134346
40041
874988
953637
732290
114854
291295
735436
37108
10430
217439
624811
360532
111927
910476
781385
222830
520015
28200
624456
586191
116261
103848
70269
614022
903187
110995
171251
778041
586330
244655
169914
517370
319921
829227
675359
13772
911157
756210
547148
386091
132402
451501
660378
493734
840787
389133
108947
682430
672620
713561
607340
289555
980642
815822
723562
61949
36403
421096
322248
295647
351454
296882
217999
228750
987542
559154
677331
892636
207608
781283
945837
186647
925083
768003
54855
916592
912669
334455
188701
959443
821169
344255
215218
171023
141281
78366
725085
280694
498865
319837
177080
201456
322898
292953
98005
550638
784016
912756
256894
655580
455221
113868
44067
184214
525658
116230
294550
651211
699744
478589
982337
272250
817944
725002
504384
742956
721304
437592
811564
49925
862990
43044
991171
571544
695441
274895
463998
858522
668925
653455
165906
329960
199420
217387
32341
25616
476063
479960
44131
249448
443054
177898
97172
835687
825311
426391
860138
18349
909877
269131
47244
384307
175677
787025
833696
263415
548808
886346
201064
853417
621283
496395
161068
710141
155301
196624
275757
758463
649471
582911
798378
879461
392906
935378
330749
950014
929767
202332
855550
352780
407253
987239
79563
722422
26202
606306
910954
253886
616756
603225
333862
175215
843838
281982
457374
297880
6279
661391
936032
160079
573178
579895
34341
420040
740935
416169
975966
17790
456888
708124
716866
201642
559582
513657
337203
993092
366384
580302
446447
286963
690496
677907
817084
851304
473520
615379
129935
54232
858293
575338
385787
290940
705692
322204
361671
497507
777075
291569
542766
556052
595294
910387
463691
264991
542054
248453
169532
145045
235611
137478
537278
727142
869841
682282
697792
583474
746150
538125
833678
608572
666554
641892
420988
162226
437899
533373
166000
836940
340464
801059
625050
980010
765384
904906
610462
653179
765992
951075
589260
481069
109230
224841
556025
868083
349277
156164
743340
58122
632186
301806
379924
560014
837887
461127
110117
906163
136631
179716
309478
96300
481009
100110
148747
665000
621317
867465
190511
586021
362283
346218
441137
598602
381024
687496
591399
553767
568436
837703
206204
422518
992507
864639
891789
750265
41406
423950
308989
632631
991414
572747
295320
489948
836066
470794
818656
513108
889281
777436
225446
830182
887738
310399
301589
113489
958865
238860
115841
684446
705948
463897
815223
789619
967275
328840
716617
953003
709233
403357
422441
950257
13093
594519
248715
625316
105383
270138
338065
290577
523773
757450
738926
828403
975281
951904
386780
699588
866132
115380
210514
264299
778986
489456
476804
679166
768312
958030
72988
854353
411502
358103
140256
830177
569243
748145
128956
563225
704584
454166
554514
767024
541851
807540
722995
901293
63136
765246
570684
602228
265589
898918
750804
783637
427407
871109
4629
865292
84940
960642
173011
835938
303363
281469
449156
295584
106073
976303
5343
774003
827801
960295
224792
808870
787956
554830
188646
215472
721243
991492
376659
65192
102910
801650
331055
667436
194948
407037
538317
580988
377118
125669
148170
140029
438000
288728
162559
762640
278052
455960
537515
172613
865153
755783
918401
158179
971034
442348
592132
904901
711550
921133
384405
989765
266490
530689
684704
664406
719963
181053
52867
169618
798012
872270
669844
149619
290707
493349
538252
792569
913115
293637
299066
516447
1981
745064
518441
461607
813467
4135
497459
774717
75326
354014
94818
306414
382200
140822
221503
606491
603536
937473
299925
279515
286831
737611
128130
767630
781237
7953
666751
946637
171907
808768
843010
784245
710215
281151
179248
193039
508995
753894
389490
964738
681236
397665
231522
215866
287821
341503
649559
61489
734630
948265
465467
519775
871134
160288
957752
609785
564194
866293
186261
388237
29159
22793
629480
152255
911606
461861
85291
971063
279385
813378
267698
17065
647882
407060
976060
255279
210116
847244
274215
334667
588343
744669
287658
358383
333622
427196
136003
968167
624262
559758
487208
146575
602695
828698
756542
957256
810669
79997
877417
774536
17000
577645
613119
639610
853881
563146
289577
424641
628718
221418
207885
861609
459534
432517
161883
929150
731430
952006
54730
240379
229551
427001
430576
235184
557394
687985
213808
166124
22483
238231
661283
426451
253397
501964
595811
377123
863271
785439
698737
410296
223285
980463
565609
652844
981671
95173
899152
892060
558694
867396
509862
755245
841665
198784
905072
87877
72526
495368
709525
941335
344131
802197
878589
83283
969201
68146
247220
889453
154766
933615
784608
515449
306639
898164
522813
722022
145773
784370
122468
960199
766265
510051
321479
4970
634830
759450
390944
148800
747208
5717
27113
220301
567832
214279
225485
823358
466529
558329
2468
117232
70169
482175
548215
628554
493720
663940
528149
928922
786808
691728
840574
191735
10982
501591
312909
711083
423634
559911
482904
564416
660286
535536
934166
382746
398849
325724
590616
300135
358249
937245
308926
477098
387505
586726
603025
295246
177292
198548
345496
926879
7508
585651
254426
321762
20530
990621
582679
497675
923653
755432
809704
459846
856236
987035
501303
546970
345762
147666
273438
211849
252756
442588
658926
973358
483870
145688
505567
323892
893761
773907
183718
988797
187610
118446
627451
903907
202404
617736
479071
393369
932337
422102
811880
415957
520313
565426
118629
490585
635393
214234
459227
990770
201118
544370
133500
733946
637375
149842
122185
969537
195498
38991
642164
139774
442930
740754
529479
767482
519471
400991
163290
164349
412304
550704
870306
48684
617771
587411
735849
556601
502375
122147
856193
384386
343847
602192
965705
170307
238987
412041
888492
875088
340231
709631
534238
405770
32423
667176
836826
845843
61746
306194
524173
488221
918085
111394
313567
489428
900927
493353
405610
487957
3783
345267
367372
520579
548102
237956
29921
70326
739345
759626
437498
354794
780223
256563
862275
574500
409192
229101
751376
108874
529421
467306
423969
347609
523107
883159
638915
35791
699393
325638
969196
248458
774414
495006
269612
883168
357734
664934
447706
944559
18363
803031
455340
152805
562734
74712
309760
531948
518690
769360
926048
972381
718116
907426
681196
589205
620295
644506
809328
841318
295669
45626
468702
808199
631033
445995
490842
231545
291311
749734
926055
984061
142524
156064
414103
97392
47880
621201
66006
425241
212169
879378
6724
525990
469640
298105
152211
112742
550361
586110
45119
232588
237445
833329
55182
610639
334812
525762
470983
782219
308793
566009
510972
488192
143358
248895
498464
949419
928619
530431
355807
570211
95917
568645
8586
15408
189437
31871
502272
417519
602224
82417
976829
5088
218910
313455
461118
410029
50109
209216
341450
514522
519484
160482
425823
369556
633209
263380
430759
37908
750188
827252
990847
590319
390844
204289
361566
914497
602195
790884
897176
186041
744001
75605
985840
543189
822108
227151
239701
598419
878588
190958
711120
31930
887630
439120
61836
273993
3550
520415
893267
577084
536095
8437
987259
633671
312652
474215
336078
326400
560254
130890
18617
791324
473044
761110
844413
286974
182980
997643
872841
687276
334060
541608
633078
866047
655379
18099
606407
327651
112200
653561
881923
193842
159030
421635
821995
51119
290281
188301
936114
843173
684009
391298
993543
838793
734019
33028
826682
945100
375040
968146
593749
946037
85613
613865
453466
419832
906124
617295
203773
165005
505204
903887
157533
931592
16842
180101
917377
975568
903345
491693
640120
387304
956272
608448
496943
502079
175750
499415
748058
463524
372955
262686
154608
686998
476164
525714
41289
857142
549782
432812
442512
77020
72191
810256
228520
32210
822989
55942
235090
622341
70353
514846
257233
281700
628086
266287
474562
337403
202372
80189
116621
988987
229979
173703
706860
885247
391247
747421
810817
418222
298266
100302
813552
40136
650058
927854
605068
439118
453303
509563
458744
984222
731402
558375
768766
795071
514860
255716
562073
237056
189481
796572
332896
492092
215231
418965
69549
301847
250044
3164
494327
299871
916927
908690
976843
267432
442088
965643
728854
177188
518229
184139
237638
101675
402627
39577
93909
770479
964990
644862
250675
543115
954096
695826
795646
314448
825481
172365
469064
425478
158969
528559
178492
957717
275734
392479
801210
195445
441410
319738
230228
997290
242565
273345
558650
909
346946
494252
408389
180992
145674
800108
931581
414319
991276
196804
249791
552116
957814
431766
536582
245096
135883
912468
83347
538255
937229
220456
173667
20861
2624
430061
234844
397572
513104
249219
140091
326788
152586
296404
234905
456941
838949
422845
220501
139854
951593
331903
450525
351149
538643
186958
985811
584717
984086
952383
974630
4946
10360
447999
753322
548052
846587
682962
918557
716913
136373
797054
523122
309883
982708
662408
167235
866848
376126
534805
695814
233104
858033
930672
197071
133598
