10000
614331
840245
862721
827347
792074
583825
784854
942122
931235
758211
503365
713794
925710
656160
626097
502102
742913
673736
810675
664286
851189
508261
878509
532411
666864
742977
865284
552344
671166
504513
777897
743396
796326
710670
520297
691810
972951
755601
820519
858683
564294
777773
961723
629006
662868
639993
624778
820798
549330
712831
657451
509302
537930
699503
864625
928566
685063
681379
681761
537700
670482
672447
836782
711986
714488
701901
947415
634738
966077
947365
940799
734352
797404
889669
594049
910358
859552
945913
631779
702235
642753
826165
646088
850988
741359
905329
829467
900095
763754
565514
797626
740721
681490
946839
918277
690521
911335
921212
582418
906537
564686
988962
887610
629004
774788
674985
609952
681315
508160
985244
807124
749355
943182
766649
635178
638777
689257
845608
660355
728875
831299
894585
738865
575249
918306
929304
583618
926575
619306
751124
873219
671750
832595
638505
627253
643923
663934
510157
653197
594633
583704
682212
807567
557778
572925
802603
834247
827997
744095
975978
812737
717166
563045
604248
885089
970577
864802
709557
750514
914093
570860
792121
737884
665711
817256
976708
842003
876655
570358
584690
509278
920373
829975
895488
540351
761263
621074
501368
752056
742990
663686
602615
981645
804307
523971
628297
963077
823653
931105
687645
742169
752995
546542
576613
773951
942959
512623
716911
683529
716183
775057
587368
874411
941470
817061
539663
575336
988991
860668
676408
750149
564775
722866
657774
637193
884936
820498
670452
661869
805921
605322
873127
638230
637856
738953
796231
820537
830045
992824
579613
988461
920170
837396
601933
740428
984057
642464
609359
809297
688932
675205
938011
868448
545241
764173
756090
920236
954481
580304
914056
562809
670873
927925
798082
553808
889655
643029
625369
825772
632649
737138
805517
778554
852709
580575
553387
912773
835869
747638
620625
785292
800631
590646
610988
838595
717110
716833
749228
952097
596720
811605
609320
925332
823584
723602
812574
617336
609189
795433
600460
940662
765327
904691
880354
600709
674530
781596
617740
654214
632550
947944
865198
703369
942668
875693
730180
605056
914086
672304
694085
985608
684495
699301
954128
880314
819907
825317
663967
725089
583570
913375
936499
509552
695930
932436
598343
864363
791739
949224
712598
911875
580956
883707
953457
687083
631154
836296
778790
941592
532453
645208
721718
916684
829659
620309
562064
827193
874780
895383
820488
927793
581452
693316
768836
990297
737380
630675
665675
675621
647733
931460
858419
912866
786340
824035
723750
521900
781525
852310
619596
566929
690632
748589
804350
604495
795548
912621
875124
790704
652710
721174
841009
852933
866919
987437
670455
789901
885162
500846
894232
639034
838280
826050
717805
515860
935562
915025
607173
896792
877679
709544
928528
754016
973580
832901
708571
688213
731645
958252
834952
657588
553754
929167
674768
871580
857859
740621
719826
599679
746481
568186
880391
964392
969979
840320
886561
753761
677002
526966
507626
572218
814234
774513
790039
935509
721996
665854
697920
664397
996784
853125
525214
675658
997513
667760
615015
957872
743536
545624
995143
775265
662611
634565
597821
737474
861067
520738
588228
865393
619420
563575
876150
559146
966957
757744
607065
799077
713589
865951
783671
820901
641407
793651
889359
798334
620716
596835
852118
962389
792250
774709
698051
844107
587395
630696
941801
898072
600584
847056
503766
685281
590271
893200
970889
634563
870480
627751
777861
577909
967601
521150
711339
584779
879694
884503
728060
793022
500239
618368
813715
839464
951451
911941
537898
724396
863304
568502
588036
824269
997286
682938
615513
728889
594022
720865
757033
535413
699745
826058
863089
685779
661649
898573
508421
804842
636763
918574
521699
573373
911453
837253
554025
832334
842413
555956
913487
610429
614699
968315
843231
715802
978476
537685
896817
825119
893059
779945
768053
978955
983269
981544
903744
566933
893196
603902
842600
678290
967697
891598
850379
715410
990819
716695
595836
505833
630336
783314
765069
949988
894596
891563
524977
783503
574770
654250
577995
547142
713405
682865
732317
699703
530460
876734
775789
503620
620989
805751
616612
703969
835004
520253
620435
817765
804782
982924
600587
529718
558850
755790
550959
665072
761516
729571
656516
897437
694400
511202
948257
675751
605058
561034
959714
811307
798039
763817
564509
711740
757258
921577
529475
865384
950390
945026
762034
788060
818552
758957
756632
824368
806240
975161
957220
689522
500578
724785
668557
722128
791271
603179
501765
968123
812478
608807
564918
846603
883462
999030
763385
993845
729445
823077
713175
737058
962806
918843
576418
863277
610378
951595
836061
895689
956972
501483
889118
743048
567650
858638
613583
777436
706210
544593
814171
869261
924900
541452
935967
701723
517934
616898
614369
746032
505136
858450
711041
808584
792669
949189
506767
920368
888224
565684
989234
543299
565417
756860
944916
557601
875928
602068
688286
905935
830656
701913
806948
563039
896100
891238
706582
555874
623045
702246
668598
588258
571437
599091
960964
924499
674867
581617
844844
842364
744506
770765
621971
783237
734036
670889
770496
862308
793648
694837
504393
613238
652665
815212
711419
794858
826185
985258
778425
601456
833829
779889
500366
830301
687015
991700
710825
994867
558119
729498
881960
807450
969598
562366
749965
615666
669244
525445
798611
763608
617884
750634
940120
778827
635380
958982
885196
926708
677292
833056
671474
600396
584046
801146
868840
789265
955259
540742
604663
952995
598087
779053
914836
921003
910129
674315
962654
919151
756395
727980
770144
584711
607715
524001
526694
861684
788014
984434
829096
648539
638997
683762
997480
888648
734837
946596
960290
707952
779107
611423
840508
590603
935111
547847
672088
956750
814706
654790
951379
520171
633213
729978
916299
899416
539873
549432
987441
778330
933595
572836
871625
978540
766615
537782
909781
815941
582896
789261
866634
860990
935894
947818
602781
619144
792710
727922
682090
986680
532584
997798
759316
638365
594486
993171
820036
988608
918093
980733
940192
797380
625211
549138
866982
681896
921570
867998
813723
516216
929086
925293
996358
923038
793651
554831
931639
954868
820868
843697
563272
648752
537776
793471
857548
853344
683533
846871
693550
717910
634385
869775
728464
565023
855574
685619
811456
657268
630853
949971
961787
940893
926825
671788
978871
540050
921555
984689
712509
921978
701744
552506
894582
629109
896103
902176
653506
669373
852045
733350
523300
860617
639747
688666
714958
672727
673339
562712
696974
844509
738330
817517
594719
917590
652481
682754
989976
661781
982578
661445
659351
507927
890559
994739
923269
819498
861454
938075
950635
812578
601176
962791
858118
652115
792262
787111
793576
523561
823346
579554
730358
955509
620426
957872
576802
635302
712569
608948
613884
566993
631693
839681
911667
674115
802235
787427
772753
747181
846677
821353
786875
620350
626572
703811
889764
505111
584886
678226
954087
587074
539383
595902
670841
513536
510584
819693
603136
662152
834780
927690
847698
863105
746788
762537
813647
683832
586427
548374
827159
986021
605621
561500
539339
843109
664911
789638
757485
688925
523083
517745
612016
700154
877962
520555
948533
878420
690306
803500
960696
688707
820688
565107
797021
908758
920792
823544
921334
826365
925213
931838
831704
539462
763347
650577
723919
984985
630579
599694
947546
900516
762013
548196
794741
715891
503382
994732
822191
657192
931097
520681
694449
645282
880585
779835
784197
519913
544177
725551
735862
935770
882626
908482
991874
584774
958033
956632
785811
850261
554015
920380
697476
781150
634741
722275
960076
695756
695792
676775
903965
633186
663069
659254
532213
503919
952589
730920
734940
630456
543587
611470
685503
870292
852348
676417
509827
562953
947022
923414
801044
812445
572648
844108
837575
587592
714716
794341
889006
870298
872344
617676
899885
805724
776375
992666
840284
599717
516864
999812
674857
778022
887978
938530
961087
807641
806084
527557
665483
908833
644953
908275
948915
552438
734310
996544
578650
548294
700805
621248
636154
937830
685178
737819
589141
580504
644113
703413
691626
602827
662577
957928
888158
971999
694787
649235
626934
877251
673936
953199
753617
749228
779333
557926
874916
711619
619528
832857
915080
616122
559204
589275
812970
950564
825899
586114
763096
623294
666193
764777
838643
999690
975778
680746
642032
792973
543087
510889
560180
964121
684851
647138
711092
505795
755777
766551
591335
804877
828278
582083
847721
575682
950791
500498
566239
779372
781212
871279
607747
611817
747356
647693
984884
532688
585487
591779
725010
985313
854021
677269
686993
858251
710116
695243
725478
858257
585301
519884
814200
617534
882352
642434
747940
640422
878806
878778
770671
556502
723807
939281
523393
582127
588582
716566
552988
864237
815310
738910
529404
910221
929953
758587
718463
837124
559772
563948
656027
633292
567809
593566
595666
814212
859109
523996
590106
718877
512894
909541
830240
730291
550631
645891
573230
666875
577995
995048
902892
926508
971269
952475
513562
936658
532801
625950
626348
576637
825618
875027
602809
976725
645247
933537
651114
567827
907639
578141
512699
751944
907807
618075
834959
650353
574565
786909
878224
781515
650111
629894
500560
615439
829045
840214
505448
781480
939863
607331
625895
962978
965036
502401
886399
882398
900145
561122
850226
516690
709426
859280
830996
542867
720955
637678
788165
854858
845282
864029
909095
804894
687085
796410
570192
562888
841259
695042
924025
845504
942444
686017
892895
768328
684785
786182
682913
574161
965326
854337
902247
798232
740350
976897
828573
942498
722626
694748
732640
636766
853932
544417
858583
893123
599539
522628
761636
772167
599227
946649
587005
840949
656049
656485
911389
584386
899872
720813
518685
642589
801318
520108
680516
966694
677163
548695
746602
506015
758980
895465
642827
535901
827587
909235
619854
841585
930801
938113
729820
963234
820957
701860
901229
947047
640095
514758
506151
987648
784630
618192
589925
651320
626340
750341
503295
525841
586772
792987
732168
628238
860960
749226
780674
615225
861002
820038
998693
919740
523831
943419
629207
895843
592096
711265
805021
861500
718449
572625
799970
605196
668681
743556
567514
702775
525850
530829
513758
945125
721671
737355
838986
662437
840795
572375
945251
739425
552165
643401
759750
659989
578267
834114
533002
548480
764396
880454
590381
950933
566579
980929
970825
517854
539866
773703
538104
884099
786149
569772
690276
649015
732225
835954
884062
611410
966913
617469
983923
643989
835942
525305
604161
925188
977421
819864
853468
603722
594790
583711
838354
554423
716107
890204
792638
979234
777182
667390
794862
555199
715222
644482
708973
856452
887827
647480
850799
848839
789127
851418
843087
781215
563807
875069
810363
969149
701770
636324
588031
661070
575957
886558
612100
813399
692838
849512
751520
516075
716595
741080
697113
940096
759982
688421
725145
505668
625682
607897
845045
581774
998695
939667
887043
880201
579805
894730
857175
652903
969556
586576
874823
535277
776348
829854
697266
733638
777567
763874
597382
844291
834589
622372
813773
586703
744733
985959
874032
625894
614726
796815
904516
973960
647630
532360
779586
944717
514669
511525
984603
730926
669347
793993
951778
699816
714846
564743
855266
644137
771186
871678
797208
536891
686740
973859
832696
831970
617577
927783
621922
780485
979002
925403
549375
892363
996044
560054
557940
977782
639917
774593
547029
875496
723629
611234
629237
584224
745115
854426
796610
552411
969969
881375
767271
647287
811669
836396
659394
994776
826676
870473
983150
915143
787283
504953
836875
780464
679704
773645
802658
943069
981448
990618
693775
818024
566761
841617
670017
706724
523480
853373
939569
932414
847241
666319
750438
502519
698280
830694
682516
986360
931036
986712
649996
604918
705322
842916
995471
933266
764541
878531
911706
729776
579697
966385
664083
837494
558383
955089
569573
681477
541647
677537
620318
621228
987359
768401
987170
788327
675611
765277
661574
839936
809450
727002
686911
898541
882020
952164
856671
636933
695935
903427
795871
666521
588896
824424
629548
631708
946097
723273
752332
637358
528943
756536
742533
847926
971567
769156
913872
739073
707390
784756
759433
602476
960790
688291
984014
797977
728142
814484
999708
566055
706484
567131
867053
502092
612038
642575
944931
565958
931803
995693
774056
734404
547128
562875
867430
963095
571295
670787
508075
819840
974283
661165
642708
739830
543923
864200
733796
503412
954451
829974
943848
544009
952647
929914
717076
615365
515104
673339
808727
740577
526002
922802
710898
754722
622139
965976
740060
881544
535366
500370
865858
682419
777220
897379
965671
714029
590939
747245
737092
787103
969562
916943
633470
613643
506464
923727
617831
551550
558824
960742
974590
613497
952486
796290
700804
654580
795026
734261
869602
990625
754882
885045
948286
870194
704644
949568
771590
985081
593517
977644
799553
951310
584986
955366
665669
571838
733765
601022
928511
868376
753498
869098
753445
593025
981642
990911
670916
635457
654469
547591
589507
710089
889497
980984
796519
650938
763061
548960
569370
501420
878785
876630
698226
631062
525382
672340
788363
805860
642384
956861
746104
633252
687495
791715
550686
650070
724560
558313
724803
689871
784174
674190
878178
961403
805923
678835
522645
803341
598050
674315
535342
878937
929767
872055
804015
911029
848135
662524
915510
935558
714146
759099
972787
534193
810658
848962
549168
661629
586879
952227
650930
918482
968194
639966
672252
995453
881243
636463
850985
959035
558265
753591
628543
901168
543043
762704
994766
826723
896435
723460
625105
889088
831066
557609
760900
964740
846494
902121
669523
888004
698051
688338
909056
970475
620121
602755
791998
751599
528227
517219
994522
841573
609982
739412
932566
713368
659357
779088
675318
740072
722356
765878
747957
659160
770407
893154
573686
560456
939499
998849
956146
620939
684702
801879
957760
599067
776094
849983
837586
577565
792010
638261
835675
512248
880988
679264
641708
797903
954047
528272
989864
702253
730943
905858
558728
535241
643440
942581
770335
915034
666557
519690
530486
737242
644981
841971
885385
629995
644561
604905
707792
599381
600216
769607
890385
798294
994487
923543
817916
648044
570821
914863
695782
928797
752075
699975
782097
794665
616305
949399
854643
743419
673332
504065
589887
881422
768094
978198
550283
608748
896831
914609
691020
780914
550266
500392
771868
851733
655016
812599
735005
718407
800673
665803
646124
578269
923279
728872
841199
980849
684435
823468
843038
885253
620386
573426
920668
812649
654510
644950
744752
578097
870052
502092
841925
945308
892750
550233
707466
805668
728019
677400
636335
809123
703663
605956
552223
712998
854455
527525
872809
930528
951955
590714
734653
603706
958360
506053
693624
831729
574417
898769
972021
665975
841769
853315
986670
893157
881178
677757
841246
561344
759024
542375
628049
614938
589244
546815
983801
693527
885929
928548
964057
656121
914962
536607
575170
927540
932342
752374
578598
860337
561962
919914
785616
683095
807475
505760
958309
502463
619297
517124
747497
958627
680920
997834
780231
642687
573102
992317
832714
516291
543783
979829
813832
536781
706704
817878
679852
991249
525191
568188
869390
740727
595810
780751
651197
689746
803668
965526
986015
511200
797564
881469
741467
888823
838143
695057
936687
713002
755483
704817
726033
582828
602918
541327
982350
508185
538776
962045
820231
778405
828609
716086
778972
841060
787882
557413
521898
861349
775071
954088
631915
943961
598313
579141
588483
532615
835177
768324
763563
868545
561903
975542
851355
761721
651318
541750
642325
553722
848677
774189
684108
868526
812224
860612
683220
756842
673840
829221
822700
812041
574310
849252
886496
781646
865999
643948
729860
674440
966392
802232
627508
950228
582107
899865
501969
735340
655651
711227
775268
907476
528290
910765
665504
723976
795269
829732
530886
912879
899682
657246
948032
963546
713468
695248
785651
925659
681580
809513
828138
760963
597322
693723
701066
919823
950770
826434
858269
605261
734754
639380
850595
936364
940465
890088
760029
916490
946586
527015
758280
531917
829702
864016
572873
777814
998008
860274
709162
611889
822344
602193
834978
926154
814030
877622
506333
931025
814834
777868
795813
578215
861138
939290
626303
626141
609061
922434
962070
648304
544218
521609
677757
522499
533134
857467
855860
570841
659258
975593
907257
531173
827025
503116
911587
905186
781473
562396
516953
898328
699603
796618
970330
907498
884660
933473
506682
984356
677385
635177
951538
829583
931321
728539
756615
916822
821182
675231
862227
644938
727112
610383
602375
984766
660073
722301
871562
680681
771506
827605
613061
815677
910516
751236
586827
885331
704242
952597
620787
930901
554431
893402
629371
853805
625212
691100
943022
651314
826066
669243
914093
828611
909790
660232
837467
881278
697892
561457
953602
547640
871793
640206
552818
898924
632630
977117
517805
974090
788229
738876
975685
541409
757605
501720
691644
860100
713995
551503
635671
955973
820147
718599
901989
915611
565508
620954
993947
538078
936578
681373
943619
744716
813325
848663
715248
951402
590925
733087
627666
667003
643047
854027
997596
681189
952064
917103
752097
655311
917505
653762
656114
899126
807126
977512
940941
950294
938211
764758
885191
728530
954697
546910
625270
871643
614197
697357
988017
795268
569868
552642
846941
927068
879172
871699
815869
868002
882884
849569
947299
860113
542051
976794
561347
604890
768694
986284
968396
566352
800277
968820
589979
720152
882368
541908
970109
877299
624829
927845
576003
720591
726883
880384
737277
832238
902493
553125
675564
565027
606897
800649
779017
700373
809315
604341
567364
685085
821880
506292
528091
930635
907704
916366
989935
570916
681349
886071
771533
891947
821206
524088
611027
516272
718197
732175
752774
896750
500423
883927
613045
751455
800664
532497
573801
958213
695399
953430
889159
817755
667827
849001
591382
666337
641199
764971
799766
690808
760483
506441
852990
640766
728132
960905
525131
913673
715264
997908
541675
649373
637153
845370
520126
872126
551242
950388
549093
785202
577503
999164
865010
986680
724812
759060
852419
661776
809221
614284
838487
532485
578299
624920
709087
774878
554471
788150
735490
736008
756149
871620
849346
683429
727122
758035
833610
698718
597714
945047
546050
754125
820125
603770
880965
591119
818381
831143
629826
787830
711868
597065
695746
758935
607184
901933
586776
977970
571884
753495
720311
930283
756037
807866
916191
765817
866305
980871
845984
635826
920083
618494
781409
750228
776054
823281
510846
534353
762898
892272
932705
959520
902910
729901
837610
799124
927979
999130
516541
871315
672858
958908
995114
959710
503867
831615
595683
743949
922359
817494
989973
660040
773812
899186
532349
860087
645219
799889
570889
531462
697699
601249
714481
717818
541093
635392
965948
779527
835753
564773
773026
930499
823944
549185
728707
874381
757011
801193
617882
860540
701642
986091
563509
616828
613536
667623
709664
539095
625561
685308
852571
901382
570980
972590
865733
511151
884086
912398
585684
526362
844769
507747
636917
559970
589581
891853
897285
598197
629818
946293
911575
635848
526439
949859
535343
601983
831058
570249
604241
825127
821099
581118
633325
880971
776102
957134
594461
524872
526514
721172
834499
630415
525945
724679
991561
563262
905015
553029
731072
662862
620295
548432
606586
751800
908848
896708
554934
751390
822227
877436
891938
914640
617816
501465
529797
516644
599951
827076
694745
626755
525671
586066
577264
840807
854897
643206
922309
765726
574071
890479
536948
612840
668652
819428
708916
815478
944110
791557
654338
966607
518588
504747
910455
909050
713504
713721
544269
701597
638638
800205
818151
986764
717288
602979
641663
854840
666368
997778
710141
993790
552630
944384
503449
794889
682328
751518
735717
892595
624338
798302
983492
526351
677846
522527
529079
515809
997819
648723
580172
671216
916561
686698
888495
856755
996950
678653
667019
740497
792275
580922
520399
643761
509321
840253
705986
770382
891517
536161
576233
879839
836450
918570
643013
595087
901337
636899
931599
899608
737704
604967
593257
664187
556223
941781
776874
545345
913702
735974
989348
984521
900170
625989
620156
649885
875062
816967
751173
525643
648599
722095
954814
703248
925467
599084
974034
816210
545828
627548
924788
701251
693265
925252
502434
991983
580601
555711
995044
794291
572774
840022
709952
969228
755142
929650
881499
675591
840166
744605
960970
742968
677586
859037
711247
664431
741829
588397
807618
561078
879730
880574
557803
512918
634385
615622
587857
696629
762537
887543
591483
751532
580272
543249
914943
695624
621328
993512
881196
940663
560337
883060
884832
511274
980271
818603
765534
625542
590342
983382
592013
831455
789922
741122
879602
539656
959168
549617
688714
955023
662448
699591
775891
753224
850778
740859
957393
934940
683491
772767
792360
821479
809196
559813
711288
646791
619985
875034
576151
837135
695316
810608
501720
737166
600685
568399
777401
521431
992678
789551
624764
624811
536044
627107
839284
796666
878125
742895
586852
875183
830317
663242
683201
836615
590403
985589
846641
876277
835606
944485
860693
553430
807886
994800
652453
879220
505190
984227
836383
909360
520484
715370
770777
562749
824525
954738
853513
502470
628280
899516
638943
729241
649512
600993
870706
741702
877019
611020
945052
834407
595009
658458
876718
704442
593602
509250
561200
950099
881019
820215
976082
583289
723256
801456
507243
673247
590721
818997
613723
505563
736735
610240
558952
771984
870604
840973
631602
635423
979319
687596
961911
861198
867153
955886
598094
722585
836018
915334
862538
659476
693159
685741
781788
528363
899193
502425
703466
620210
700139
502419
880241
874460
878340
504777
638250
926586
519083
857794
855573
726200
951087
814628
571397
828121
655667
922916
968188
529339
899440
627798
875830
855309
777635
527584
826250
603560
920211
884543
738502
595841
937055
985531
521983
897202
813364
627892
767164
522310
921243
912501
772635
504974
877749
985892
886493
931949
880408
737106
793670
525016
948433
747432
722211
565086
767928
989928
589454
694541
960802
960753
531817
782271
710736
857461
986881
580332
869714
714713
759900
919227
652210
723956
745758
859686
787086
790193
581314
997548
740759
912670
532530
768243
606858
893406
667626
894550
899274
926514
752611
668904
763032
573323
729820
632936
953115
520062
853965
681515
693383
717740
718393
977406
855146
808032
772389
753890
867476
720917
589702
536796
625675
980594
947756
667218
658537
705439
502204
620492
738932
713330
843651
919669
663529
981372
778072
721836
680370
672763
612976
792944
714129
840356
629044
500806
648525
802884
969152
510790
803387
731111
995195
820160
735847
772608
582273
992442
905197
670499
871365
864255
688028
834806
530735
878597
811097
905096
769861
986373
835526
953660
751870
764254
862380
983982
597806
687476
745750
948409
923240
751711
576574
654857
546512
523383
761468
791937
687211
868323
652530
623626
594516
897288
941494
545715
788491
618064
669753
623836
850254
963737
637016
721719
735211
688024
927911
917322
954377
677030
523363
907416
505314
838764
828777
520527
837460
987342
880087
584261
881622
874293
773871
540806
725857
991002
670920
682072
759489
929964
897713
623286
806056
681575
662224
989398
924046
573448
678662
800684
695946
721283
595768
560809
647064
915119
784658
897232
711416
597071
526897
758212
911652
873494
930211
523633
844158
901400
775898
584397
778771
729463
909385
588704
968316
509942
821590
551066
574602
799301
944464
772991
717232
892655
942380
790402
947604
808011
888156
647243
865549
722418
805144
531474
597617
823265
972094
869458
998495
795645
970959
813332
672108
641558
601367
947369
555980
904671
628459
970575
646826
808740
875715
779354
518135
713226
706305
936974
506329
869416
591490
914230
816255
633282
514600
510230
826934
790165
505681
545306
688147
711509
868012
645786
710609
582968
746006
588454
995114
725515
798555
947735
870444
652483
689082
733131
991655
931660
764829
517540
545805
786777
670502
792736
611642
709209
743810
707338
520303
566446
605358
781883
923435
742400
519844
562618
643596
773597
546437
652996
557176
608576
632918
691085
800617
795517
928756
564964
586515
744225
795566
512378
715913
604353
894477
554313
804926
785046
783366
829908
812091
684056
814363
773574
644224
507809
894834
574468
629986
598281
804502
893261
620698
869718
937063
741700
808527
561851
554252
945185
552258
779633
626444
903412
591320
938913
987600
778463
923253
592889
969642
793687
552905
702019
687205
596098
931406
583592
733609
931996
870574
537730
735390
559023
701090
963384
788456
744209
839587
903280
522783
560386
703210
796038
591639
506014
743010
983924
932857
895525
768910
566885
975819
946658
683475
926936
946094
935887
539383
767478
914575
639041
872360
612726
947822
843105
988320
861108
531313
970336
762467
960257
607724
772294
935794
553879
701231
540235
501494
722740
656360
555936
930522
999857
838592
702987
946183
820777
577363
541665
673957
502988
563591
811997
974057
724859
889638
931164
692833
779708
530327
511081
921949
512456
571258
594071
785584
566742
619202
577224
591485
780975
974488
961291
549620
540696
807976
628221
660777
727291
592039
582900
571482
532557
502615
694297
810501
715560
785082
600902
723559
721798
853127
951935
664248
844952
713502
951643
598293
671021
700858
835622
795805
545152
924067
845643
606250
784258
523352
503308
648640
912721
680959
617760
878825
722129
516119
670492
693172
701834
808071
731034
783172
559816
679157
684094
994812
998411
504857
523931
872791
586592
666986
988449
867098
511157
635736
675950
947821
912906
920938
928089
579920
716576
839486
985362
718889
790500
844283
616388
543065
541569
744915
599951
994895
764477
644712
562329
549136
976486
865792
808747
757515
804711
508729
625730
525885
712222
731282
921391
996640
815255
585603
561763
871108
527271
819972
536359
937639
521410
532692
623455
652237
778584
876163
914508
661531
993826
855672
674496
663359
727710
998370
628532
989856
905967
795265
825174
625196
641610
665724
602644
702064
917054
534943
607848
887604
615105
655295
893908
837405
801637
565141
865853
503280
791549
979469
807188
979781
708306
839814
806802
776941
955429
676626
559318
514427
821977
559639
549207
974508
733951
685763
703532
996246
962118
594330
780603
984342
913450
516779
756448
889743
919887
965986
569207
520887
831719
554813
531138
777121
588028
961330
981214
729353
869024
587764
543195
602979
742064
917798
713199
571494
519907
752833
823227
618330
946287
922838
662009
927194
591864
546222
908024
992294
845597
899556
930448
931319
743225
860241
835865
857265
894241
906794
835594
764228
815897
839049
810483
656379
752985
905508
732403
527614
696235
643841
677611
752584
581908
865536
650967
908541
944752
896421
863486
872625
746840
512992
588174
664126
630362
756573
894673
913948
859417
874835
777171
536284
584642
520348
747403
843593
776825
732248
721587
933252
858566
725374
704360
867081
862897
747492
868619
831814
830194
787947
919394
946246
985946
769597
939605
597667
952894
835332
527318
792148
562685
720367
943680
986596
888652
749119
980578
655320
932367
519768
893156
666122
856108
949113
905805
555176
667065
973395
766221
641610
950221
957999
585144
513032
783727
648596
741440
905472
724360
870621
952321
661906
899910
615019
942875
802953
667228
990682
684626
529439
645654
903796
933864
988311
645981
550438
832922
931480
608415
810810
812283
576626
920048
929757
569070
712381
687455
743866
818084
603157
553978
943692
837185
793140
822389
605761
865184
551466
601345
877303
957834
523872
858639
825690
925506
659074
975128
909164
817917
712040
615114
611110
955817
927388
832146
545389
508400
755750
734305
637614
970872
996658
712085
994507
855333
651544
953357
660934
712265
989049
741900
915131
654649
931460
852590
841395
709673
868177
684684
687720
695016
607897
502736
796176
622796
906817
637188
582653
700908
668630
536817
930588
508205
566320
592920
723490
569927
912232
881563
818269
630271
547578
945737
724849
668222
794550
707410
871424
999599
816231
522460
944342
806465
935198
935841
975241
653819
826259
516289
610194
580127
891463
864323
937325
779820
706901
701322
752898
808419
941531
813263
933079
665191
922388
948621
581029
533903
549655
975030
683729
976986
884302
884787
821357
926299
801338
569647
791115
528043
924748
847568
651457
937711
819129
515872
788921
669755
646077
553626
887830
897403
505668
500122
831896
505592
537606
804589
652567
829940
877963
519006
785661
623870
678842
751391
910344
829582
638458
633669
818134
709505
519845
930289
947929
741304
797625
972833
515497
678103
696532
691447
967566
602647
771244
579733
883356
984412
988443
606124
686911
720108
537067
767685
645798
714556
668448
598827
731045
725253
987173
587884
766598
965993
882699
802707
815042
750028
551047
968264
923486
575848
812257
540561
565412
992026
555239
539670
920761
864903
806709
585880
846125
654129
592133
609864
918799
702448
611239
876191
967168
767024
668260
585381
986442
654906
941158
872730
609455
850989
632841
729974
757692
900052
638121
518483
894773
984682
981212
679315
975210
988578
789051
832557
525251
992617
761982
886595
554099
672858
580096
566472
650105
779912
968774
617194
576886
550606
743042
763105
601356
665308
957795
504541
783714
567218
763049
721703
636612
686035
690633
808245
629348
685497
880891
681458
952879
551059
855673
634147
851506
998476
947280
624696
838364
538523
763248
929880
617186
705046
550291
760524
616496
932107
546897
853897
641896
957256
595398
661080
975075
976416
870575
524374
526955
647971
651761
775138
660790
807259
915803
673984
849284
990189
687112
523906
660430
591379
594331
957764
777135
855749
737413
799372
711061
568135
849159
785217
886544
698109
995062
757407
939288
702031
699913
665621
765749
567224
993780
517308
561011
560234
954135
652567
748084
745771
504264
518181
966045
592726
593874
844144
931281
859635
536840
752387
902043
615276
795164
851115
823652
746978
809412
897750
997247
550930
655970
548482
879167
594911
756674
775200
908092
510534
714102
933132
928534
842265
849168
657186
811647
731841
568618
930933
927768
662759
931658
712803
961821
899801
831623
888592
605103
735769
696201
516001
581408
542101
948100
736207
641980
567105
870411
847589
552542
843476
735498
769665
932590
932224
648855
677810
624964
508922
920107
766448
624663
577151
750442
685105
632587
508336
725920
688857
682655
737315
555494
970431
520208
508434
809871
865387
696965
996357
598985
998143
775184
574542
904091
672650
934852
733794
781702
729175
547451
895276
958429
636495
754810
892226
981180
669221
581517
830628
734258
725726
706031
533068
612383
663491
877819
909090
758901
983660
941738
536837
923298
975527
885767
538059
830527
509273
581817
904735
843645
785110
824318
633787
613789
544254
846337
757425
726583
677421
751555
551216
829479
875252
984896
947568
826444
747939
765554
510413
813173
917854
736197
868767
924820
588885
880203
611363
777067
750755
670176
783423
982471
720767
754070
661918
833526
910727
787899
592595
943373
899876
744246
718367
757730
962145
780393
911963
524124
637269
637716
893748
785040
866296
709932
929659
959997
735120
622233
591194
687781
646991
994052
972326
703099
981290
732805
946496
771308
860616
789841
813143
937506
987277
713019
534641
752127
890301
992513
817476
594505
803058
766246
518408
973974
653105
608716
847170
575898
763522
502936
735152
933418
567468
928653
726663
805061
536435
635295
597275
842704
785555
808819
830317
983445
914999
753467
667529
930482
618054
882966
936943
981108
917545
831917
730361
774095
689184
500162
854551
774580
997593
779493
650977
732388
944787
677320
617255
653453
958132
832645
666103
912385
597741
842973
513619
568496
938020
516456
537537
517272
705235
736012
891073
971458
922375
803114
736377
872166
937645
555500
879807
599741
587727
976803
668240
590604
917957
614762
914776
751662
987910
894175
730221
794379
558257
893734
952576
598768
689101
750657
634871
929945
834938
994964
959296
547218
811848
955472
776843
634620
908844
908186
797025
899699
736490
765388
731564
868304
558276
884357
781359
883148
509429
575251
584204
577561
920974
655018
524216
766703
596392
686548
848583
788355
823566
943937
616842
994287
685253
617372
554128
763735
786159
747938
820380
692961
603664
731948
598576
958681
974979
892089
577582
806022
766113
957195
619108
657357
593838
687112
574406
757675
938648
850490
644264
786221
783551
712735
883614
840318
831877
830108
867356
882165
830920
669442
955728
563291
707114
762905
675262
682099
863391
511915
566169
716187
657474
581623
893002
995300
642755
835570
716403
759509
766101
692815
581701
503301
781515
561119
695260
721383
740463
736310
811654
940148
840577
761060
581097
601602
978683
500054
798106
736089
558269
543187
819373
927156
695356
543430
976616
772427
765849
688618
597652
820921
976970
869110
885515
895980
533035
540705
885898
721008
736289
619607
750281
695112
644363
865353
670253
844404
543450
553001
906446
725912
580295
920025
776297
658858
738357
729685
598593
615434
560162
834635
803651
811370
781984
946275
679460
898335
769942
586410
518366
771508
639457
820701
888026
966709
533709
784615
737384
685654
507230
987077
717221
536714
965543
707964
570655
792273
539231
835176
596640
869611
837198
814528
627204
941209
512898
598078
656713
798224
500856
799826
823789
736794
851003
800948
982561
647194
610902
682238
559387
893183
789454
949173
992424
587556
851260
836694
745274
556467
960750
909527
630969
594411
766123
975310
675455
569199
598545
615573
649922
837791
682056
585294
983551
653499
678559
532701
776071
783358
969761
656214
507364
933758
615554
857431
886928
709864
846260
961750
558059
792639
869847
983072
634382
948943
601311
840395
948075
874228
920574
649450
521793
746556
985826
934607
927863
727461
781744
861120
678276
576753
684726
692445
642960
805914
817910
844610
989831
897470
703893
744998
771589
851955
657178
638867
649383
673216
527233
988499
534268
713606
802262
602839
511496
928069
711565
794400
604096
567919
611784
974517
751644
612913
875316
677846
526994
715890
927358
642611
934997
885974
606697
870075
896441
551767
556979
569160
659861
692113
898768
732125
518012
575144
692463
951718
561209
700835
897886
548223
577632
901103
527221
638423
881948
619141
698137
751312
791304
984686
986231
897589
882370
912085
640474
598760
922268
565343
786622
636276
784003
549811
591094
771894
761456
812719
636923
590454
512108
714323
517761
871090
866721
953951
726899
643877
871240
531953
731589
804536
575015
851912
518095
647349
752304
755912
649136
795914
630223
610231
904409
934820
938605
997691
803451
840348
581967
536671
503510
518848
595301
544269
784240
960621
757358
511408
816028
936788
800811
709265
672628
506360
965416
617499
989671
549139
759772
989718
685302
657373
976776
918810
890448
575549
870243
636015
799647
980603
695591
521461
934244
865684
697143
641481
623863
644813
674775
786736
593015
808033
904107
787455
886759
929723
548499
840422
548923
912646
682020
597777
857054
760020
573445
532246
872614
957900
587061
589740
784941
684268
513878
614369
980966
575328
636832
949341
806884
667221
696003
707916
813189
568389
624925
890428
546048
506928
582783
727519
732119
889110
985160
744645
536496
805928
845148
815123
679929
522540
544246
847536
819689
919807
754336
536474
843655
687639
898379
875347
959657
678733
949850
867873
526434
967551
938469
668626
828130
831431
544427
999449
706201
611546
522199
725678
569744
657629
838937
770008
940965
554946
556146
641015
945834
895345
603250
682264
880017
648860
803311
508264
846080
701673
584715
711156
701022
921191
521186
873193
946131
773349
662716
578415
992683
773351
889997
535909
781624
885678
520962
641119
965541
590735
783198
807463
675829
571499
511167
517911
622831
882551
585990
590427
681248
505855
767509
639286
716596
780266
511539
999310
866425
818279
603755
662493
585394
653870
626903
655965
573487
648209
909317
602255
596683
539305
783336
846802
954358
861439
763316
776532
829201
753968
524577
596994
592489
846139
666085
625935
658935
563417
628891
551635
991377
968304
593383
871375
601593
582162
523306
556687
940612
779135
554138
614517
611237
665249
753536
789370
676831
801556
997730
578228
636882
743418
755602
780844
785933
522188
745657
759466
762569
918928
918362
910776
834569
945295
598331
933614
727375
979983
611561
679706
506302
554025
656782
694509
705018
534035
522489
708494
664870
881238
542598
885120
617220
642720
981906
895587
869474
679206
778099
614562
957821
658159
639637
534606
975810
892884
624157
692876
733885
954188
854981
757290
890526
860182
658997
578884
524809
832271
970421
521069
848536
536231
500238
608316
886747
810972
528333
523646
542781
798345
979375
532324
539694
861201
682917
810235
956742
995245
593509
954019
868841
949431
874428
984889
556677
964580
885649
960393
659866
551512
673975
897255
704049
891619
596652
712532
580320
894735
695755
543918
816157
714720
991224
953885
645336
883573
515926
826741
925482
806795
810311
580571
916080
944269
863862
673308
903856
654413
573452
887289
903002
613529
929777
583878
512895
769776
636299
806568
706525
661531
717965
560597
949619
551009
588418
782208
664082
912077
652067
938321
621007
942126
956379
680250
730011
979571
701524
921163
802434
880431
626500
845060
515892
576042
618500
849594
779477
958501
690140
966348
510931
523313
744249
704221
891209
941533
879670
500578
838105
588586
897077
696863
803973
586841
752503
722029
865203
882521
899544
701486
708843
716062
576993
699662
555779
843418
991115
875109
862752
605561
758344
637813
587217
686580
817740
750001
985608
816544
867233
711566
871933
816748
643764
678553
584201
940829
886337
664970
967902
926755
892966
979917
956491
529526
657187
742718
629296
506060
597812
901039
849233
733702
764775
796418
802103
772290
813588
779670
632648
778712
992260
966740
503838
907187
517535
998484
808962
523603
612609
610365
538619
566425
611725
527405
835648
607055
672312
912804
646305
665508
804858
835514
779988
728994
543618
884881
611305
921801
891949
654864
512070
584700
587614
865918
890853
877635
656925
791109
700754
869804
993231
762655
518577
826075
815003
632748
968692
675431
849268
705344
793520
681616
590213
524374
519572
610963
908894
521120
516256
556527
799571
554801
760451
780816
809565
502303
573131
639220
565026
575350
605513
742379
875092
500125
541668
821205
940443
753280
772668
577643
727634
692507
828037
861646
827167
966252
690192
651667
552706
581704
528275
764120
555786
630577
908805
925707
888434
840701
754408
786787
654740
589220
776449
940309
677030
902618
663476
719872
987812
656797
518756
783462
974937
550895
827561
834400
767123
696570
532782
896366
822703
607243
704991
638421
595930
672814
684693
860491
602206
763343
875608
883077
545161
924508
704722
891680
593963
532676
584516
944280
895372
545158
668898
969172
528536
725860
556533
838305
557053
755306
799303
876356
878878
826392
922883
500543
592268
901188
621749
750259
734358
774981
630394
523468
877624
899173
734928
775803
800280
748158
510439
597594
879507
900688
525882
722240
829109
933840
839511
827146
552415
590514
571645
596069
608042
884058
791223
795736
981827
750358
517893
801378
854432
984144
527713
801173
689204
727793
857702
719977
611010
989290
943299
621699
967645
625320
925106
958260
775305
922923
510834
841789
611429
562067
945327
766702
732245
865924
550452
726311
618757
548244
869911
843535
806441
686074
585673
784328
721017
838796
788157
580743
828290
727364
819184
642950
900097
870456
870253
809756
815269
758154
935262
992383
856461
605360
599889
861233
893322
613186
832059
753593
966913
532889
558685
508349
715093
893434
968936
520002
825571
537288
727057
550915
860940
571232
707624
575296
897837
803045
908047
583525
550840
556242
554500
717399
672834
659297
843508
759647
756932
947440
614622
511055
783045
527789
533921
620470
783498
648828
976844
863265
661701
939310
660746
972204
583489
539572
958149
803785
575148
830711
905601
879068
850897
967429
527368
987157
574845
650917
603658
526421
694941
948649
547546
821111
587712
814718
691372
694366
814799
537739
627564
806829
816002
846276
590192
829485
570594
511919
634609
981023
949814
500988
958532
935081
846682
651345
678330
631487
765746
545606
521417
605446
973129
947424
611349
616579
704372
752791
593022
881102
748402
520278
522291
832523
785029
533022
659393
838456
575060
589081
692745
590499
690378
997590
711000
740220
616400
692158
914617
551778
706508
835036
635250
504035
742015
867630
686756
507823
515380
869829
523539
713096
691902
646095
514791
945912
965286
824084
834938
769078
534632
959106
532444
524095
689981
834387
945896
577117
682409
543717
829348
594880
845419
723456
743233
759020
648715
591296
843536
766194
851701
583552
555690
526108
643376
755803
557306
957946
769500
674931
522926
996181
771893
860083
769868
969895
965956
960190
592164
805356
675619
843835
703373
603447
882575
586203
800237
674934
584826
637239
538519
991167
694076
958479
625587
924494
741937
882804
964578
868238
752450
571191
983133
514186
986710
911016
887931
831021
546697
813185
875117
921229
728066
794923
645703
625527
912698
736043
771201
686121
928899
998898
911614
913191
982368
762055
589005
714691
767281
779552
818759
878738
662350
753927
943123
819504
702045
538162
524897
940403
912787
543527
677003
790580
818709
763341
957829
955393
767216
671205
598519
614616
994890
881069
757956
932643
615621
664701
706126
670177
800104
777661
854540
529218
626381
927886
832275
608913
980182
524868
556402
546417
930159
940181
833070
990467
704021
990687
633651
825401
893419
708316
789303
875264
862847
576462
907099
650879
790118
636375
768435
502993
680807
978876
573832
608864
680331
539628
697730
701444
904633
849029
872839
967937
786261
599728
567868
809906
985825
840088
525371
828372
824896
621675
623605
514613
756620
557287
644942
564711
848076
724670
874342
722238
746590
635046
690123
553632
837817
706584
920451
776509
527759
879019
932268
637906
519830
985936
750751
920136
897755
889552
678422
735566
564917
924033
519280
668040
509265
642991
823818
925299
970703
919414
897926
912969
926773
802627
672908
861037
865307
765750
921194
826897
936675
653316
675448
749469
510355
742649
617083
657121
583412
681110
961425
790456
569242
752674
727215
774476
930499
897263
812642
677922
977000
928522
699671
525943
771059
868870
867398
653049
727883
693399
584414
965096
897669
651176
649053
803567
795412
621400
523648
819128
535297
850651
584735
985663
714433
693776
938492
640213
535017
828911
836071
673663
985391
872347
785544
611102
680564
850111
625405
673855
784860
501135
794566
557156
961056
638453
927412
650980
880377
697943
713997
741642
567371
818085
904003
575080
784207
569568
858643
928151
583411
631848
574752
525067
504254
953345
617943
697233
871145
511233
778878
524618
749304
623748
714292
620898
974586
856485
676393
976515
704213
727982
708131
741072
828161
560332
996148
771024
978594
549684
717372
963249
542296
714048
667674
905127
595515
889272
907076
576021
630896
839581
504594
649052
886320
829447
918648
756043
616815
616234
530725
720158
794795
502013
575099
998266
767813
645075
502257
759169
999188
543889
675226
985554
640688
681703
668743
697318
782502
993432
897793
821588
856764
602706
947704
942817
904064
988784
990329
509881
541054
642125
821265
630397
949134
735958
610625
626402
921917
698866
931004
801284
667062
527046
716795
716346
794956
967486
734742
541948
789540
506371
752951
552131
866436
890008
761601
814337
654607
606418
968267
915828
765354
534657
832794
811284
593084
690565
582362
852849
722722
994619
676868
639783
855060
535257
991287
804302
923077
831030
979420
614022
921318
718930
770094
768970
893949
920066
857252
926891
757449
525839
869548
859251
779953
879581
652352
821478
515437
917235
744962
533744
638825
889177
671489
819115
742070
917564
532230
767516
662352
913665
842186
510550
793327
835136
986049
861715
683787
648880
790791
509238
829337
729845
941604
689274
845437
824670
865320
880016
860397
750792
980975
504494
932072
548000
667981
651628
660892
637542
957396
924310
722086
950756
562630
794054
791383
790227
625946
503922
990390
840381
642240
590156
728034
557775
999555
758142
845983
743699
974745
791867
928986
833058
958860
526548
526290
781720
531421
997670
508649
618316
644879
914809
999293
906086
672100
601313
590061
951387
772342
855078
783902
566433
536076
920538
890586
503324
596552
744993
956260
805121
803882
695564
644481
961123
898225
682339
505973
790945
570895
614746
621767
669016
960215
866537
944105
549862
576948
977671
761986
953822
757802
900025
971945
514441
761070
541453
793934
504413
752831
961121
873955
680324
978911
840899
834079
748909
686954
944409
635338
579124
625205
775933
739045
627217
856348
952673
791408
828308
903955
812925
982734
566537
527816
532056
750786
718347
679320
636580
690008
881414
788297
668649
836622
975045
515960
978661
743829
976494
660011
649226
593761
704104
630529
680734
847916
938880
659683
894807
747730
657299
888453
888916
800050
559181
527640
998799
699659
729313
737208
762178
683170
711367
829904
504094
849390
719591
813178
886044
714159
764447
610555
777926
949241
570645
518494
909865
961576
895025
668329
570814
512658
613041
786184
865901
932873
544805
703058
975217
609096
829179
873351
572081
749997
787813
603937
503093
784157
549695
517567
983187
867109
957382
696165
985967
843965
513553
687021
989338
505110
589876
561956
913364
870493
811728
906326
629014
638436
812112
720581
593436
589625
598644
711220
738867
965519
716672
798251
826488
861132
666904
705035
644494
815689
746164
998370
628195
859227
580137
996937
582382
506990
520024
693614
558065
764193
757112
795814
653192
993710
557709
753053
916508
753792
513830
742474
592771
612401
932577
763173
782225
935023
713966
919120
815237
853667
922014
934365
984432
656376
937883
566856
888937
869275
713330
851003
958868
752577
567934
691548
673198
913063
722082
700068
550576
644159
708680
903914
699716
978383
510422
510394
654367
939672
653875
559276
626775
984870
869933
613507
567577
607998
926032
977427
505624
656524
718344
624332
965099
684609
813038
729263
689550
696542
714242
952387
777928
672988
977977
637821
685484
552540
605951
636399
782500
922651
902296
547467
715027
892808
796296
959176
790430
615829
668976
795881
947841
813960
993988
996356
817948
980720
742842
987797
623073
977485
858746
638394
668112
773528
810780
671841
863396
828845
558279
693123
890787
608791
516162
851481
546116
575188
931372
884976
964546
963467
580603
623306
964414
587356
693125
573391
898979
915603
860298
707957
817882
698297
695438
709448
519239
967708
555120
944286
747793
736492
701979
702107
597445
635799
694416
800163
781952
988342
801297
665534
956524
888257
783052
679568
815819
777744
617983
597078
801685
755457
613373
700771
703369
878135
807001
785832
693434
576912
542158
769876
854419
753573
748487
616538
707385
598821
621388
698482
928260
926613
540380
798309
597766
592694
846822
636825
937768
921201
543983
943477
567855
886185
554360
679093
921105
684096
914690
993243
939518
977076
683561
813315
504372
999996
512173
575127
682879
752309
602275
760196
981324
661361
915570
934019
816130
936271
562308
693511
592696
821862
629076
552033
892871
652360
546031
511573
579293
503986
942767
721004
738869
774614
814538
692080
954573
693235
833234
791828
969690
955521
881940
669915
702647
852015
563239
732772
572899
915524
865976
946943
773317
516241
807654
574812
956259
616889
674049
579796
560392
730696
909099
725516
809783
985809
694019
598906
931146
694457
532603
650916
589977
899861
503783
899203
681232
948145
993711
920131
821115
876778
776794
832363
858170
826911
743902
787702
597531
803852
860706
818478
592167
886540
679244
578837
554051
589523
839271
659787
660398
823962
985759
969120
746482
628827
828371
833208
898944
801686
546761
817114
942801
972058
538155
832963
861743
907836
813016
645123
940179
541948
569058
804264
702899
682030
557761
545628
713924
763306
980890
863556
815650
872309
842712
539807
534144
915400
797341
634806
682669
861628
825898
826866
782428
613122
635536
618887
631926
815032
746528
648715
555020
882155
910879
715591
893024
558236
642487
778038
933717
693956
714823
895033
671526
633700
709732
924662
517204
931478
723319
564671
886724
542687
674398
584321
916057
521443
977013
958230
638108
857894
625135
571971
571549
958648
672914
996350
546849
667210
678879
601677
852594
628351
757776
761856
924884
872589
953081
765243
847195
534860
690609
590959
785982
843260
693262
753207
805474
968632
995902
667267
810268
923665
886951
977881
585907
686805
833385
964262
963533
766555
976816
947746
803304
847942
853875
903252
549726
980868
600992
846861
615371
554387
831523
788157
829565
703926
714117
883225
776012
832808
760123
501564
520507
613386
885782
934504
758901
904820
725917
917424
783197
524150
880261
655677
762347
635938
557117
587455
565640
851732
886869
628984
696094
716052
837845
883507
971921
551974
992672
801375
558891
731565
904418
865203
989124
734730
550453
542728
809605
567037
523001
772231
847439
598791
649506
605990
764390
709822
865998
869916
906618
622099
530161
886402
688035
967740
980858
775990
521186
677584
518019
630297
957946
697200
793763
694504
918462
557075
553113
586375
774492
569616
978635
675495
820509
548150
680209
552602
698565
804509
548401
833625
551802
858070
764198
733971
865069
577263
842752
706992
743390
665819
607311
553330
893714
774095
648857
964649
801110
660567
630826
908218
989551
608819
779440
677127
559981
999379
697838
862572
942177
531711
517111
573548
554492
750851
624697
688025
803414
691764
680227
632136
531653
620082
512735
609974
667126
536269
711151
576448
658542
608260
648442
965688
936359
746804
988652
910591
797254
688258
818263
601338
831137
730330
956254
773232
797652
591881
904270
964372
876090
654061
705931
686951
716778
909347
829216
882811
937669
563239
833319
933131
535349
636819
985222
628429
685956
773646
753094
956196
518407
795068
708234
653205
648064
888923
745452
612302
602962
679434
553530
936588
873278
590552
505904
566400
903701
507977
704431
858777
944816
651923
943874
553785
936756
750681
827103
767839
885345
507012
768911
739693
929601
605652
624781
909403
537615
906709
764113
578672
905738
699001
913056
558932
502276
515246
777108
915342
963140
993944
570754
672617
946190
886555
925028
998036
708276
749742
677754
672429
529155
615132
761483
900959
662675
825995
882811
732884
787578
545373
809929
943864
691390
552240
631032
714101
786058
897545
993491
794166
688767
971887
866986
517901
862559
577050
547024
505788
579421
636801
876353
824476
806755
643721
587142
597428
981546
759969
657126
933414
690774
667386
842807
901583
958069
795575
986419
665730
530737
929133
616700
861760
696307
550033
969436
937392
739037
789925
809848
894534
859638
824975
978185
577160
928113
659779
933271
754016
657680
957853
565905
691332
924279
995615
896231
786179
678236
817366
730819
579428
756307
990202
548798
662044
771553
990395
779612
620857
822014
966606
905982
948629
965678
847830
610394
940630
969055
512584
726377
790908
859186
816717
615146
692591
831575
826998
843840
658309
875336
577534
602298
562286
699084
547502
861956
523596
900705
927624
777313
798314
938543
586297
513576
930686
716481
979493
772306
579358
736093
667936
823726
514546
879477
675817
903506
517315
540228
733376
606211
830134
854082
571863
605097
692873
593558
570895
704713
941304
667262
605716
751595
827557
542475
746073
671097
658799
895785
527043
914511
675071
998277
548881
826380
882049
595750
712566
856492
670246
654440
951953
517605
559835
748823
890656
892719
819505
514380
548742
577574
728806
753003
579781
921230
531088
896892
737507
803997
524153
779381
626094
803731
963876
842743
517316
697191
589815
909409
906590
701459
596079
876890
738583
936682
804206
788754
737162
785183
952042
762818
681577
836935
708644
524007
510937
717728
847284
548924
911393
741509
990495
994866
741882
734900
777758
725723
740701
570005
959214
670201
527087
967102
840167
841190
930858
840810
949451
529026
515929
562010
540494
972998
910357
698485
866758
797694
743952
905757
967978
830178
567843
570635
537179
653915
696140
777509
648642
677478
696514
882945
624909
864970
723191
502681
524348
726417
837640
537111
787474
668114
818433
605262
647749
630318
682734
611795
961205
952067
925680
957054
810956
676867
599269
963690
612237
699102
542065
969695
801015
556103
884435
559421
997922
670958
540824
826514
884885
739322
977404
784615
761186
967551
814173
749292
582920
911835
946572
677170
761592
684962
637738
751247
621919
664843
531683
944300
973952
823415
836197
974174
728811
979773
692186
965539
808376
922143
856194
824327
737648
528015
613061
961266
666064
710284
737784
761068
791005
975491
813214
901796
795315
862369
563295
814955
565275
899200
643861
555276
800834
604560
572181
628620
659383
894037
578268
624820
753622
678944
763946
904247
920451
730583
835514
593456
994435
557045
560591
802430
742336
748305
714568
938667
521435
949857
864455
664211
821469
919730
991865
810755
965641
862975
616274
920754
851790
841489
504445
609827
542123
612189
967608
785096
760256
755327
719856
645917
831582
560606
579983
569112
861284
801875
943657
759857
920447
850836
648582
798603
719743
534938
515770
931787
659485
820080
769415
664639
809221
914275
914146
608347
840381
743591
786708
940385
624592
901007
847998
575316
725332
800157
795160
617298
746546
857441
921722
851125
540858
638279
706853
649007
999049
508298
994597
511131
844644
984759
531183
886592
829607
810082
781180
844746
583924
610682
508715
629117
578054
703016
769323
542288
658014
715120
946047
543639
556433
669824
940621
981714
589668
700054
868940
626749
836484
766392
776568
764704
884946
996351
621661
569550
969701
582293
760299
672348
674248
701179
777715
957721
984177
683536
672198
603926
994040
971382
986523
593723
675838
572568
536336
778839
734108
600613
966810
932711
690737
733739
684672
550971
902317
862232
506509
700425
747366
656327
815191
636598
820815
976414
628036
759466
721671
956823
686584
695906
564211
512832
991378
623785
843462
512731
985561
844207
749971
870581
962711
636079
896212
565304
887119
704383
992120
694254
955912
635199
536067
788195
582896
723677
692658
521685
503897
717593
611740
636569
551459
546239
710885
738701
818002
856854
853938
591314
721027
529865
636279
697971
836079
617089
558304
681332
654468
512458
802548
836937
998199
969198
963910
782664
602378
937874
759988
823741
717864
960770
998821
975114
680159
635764
635098
648315
606393
858099
884990
949275
577515
621555
804769
681987
676066
681328
863757
894964
774463
990453
533961
541716
950258
544157
936864
567544
867628
560701
961866
843015
570548
509129
803182
955333
917428
519609
566770
952084
887401
935384
788312
903760
631251
639327
845768
693156
563297
864090
733101
895046
618872
840953
878774
825032
675709
549429
519032
566749
898886
575502
665099
732647
514744
889418
710771
679519
583255
554443
911403
642664
573334
838803
969620
904540
819044
703724
642176
572479
776458
920410
833275
635991
510634
531825
832388
910073
572761
810357
975477
992858
744505
517121
614071
968990
839528
939321
700678
718916
532094
699111
674008
950237
660983
570568
865869
535824
507721
860314
709640
853196
897359
992427
588434
847893
581435
526270
636556
743557
957077
652530
737325
767503
973868
648282
863680
911154
523550
606315
937876
755880
522086
965117
991478
842669
920511
586763
751634
841155
800956
965607
886925
586732
808390
765281
533200
764651
589771
803439
560277
699235
732689
682026
522675
870087
659484
623266
658747
747750
566919
747845
688793
878445
543036
968419
639303
992453
774446
670561
647753
662685
931267
752224
890385
562198
609842
523087
977882
868225
719343
833163
969520
743135
707600
503775
909451
580937
569455
830238
539260
849159
548532
792787
535542
610791
619551
779027
758755
932094
763549
761835
626472
764974
915643
817496
689504
915114
684549
869668
935491
955745
656632
651700
844051
936767
917910
732523
627763
691644
877745
676185
656259
956508
683363
770137
968091
796394
512998
578094
583973
639926
778071
731713
640746
940189
571611
945416
956209
816216
521749
743087
895588
630849
531044
764297
742330
768534
787310
856102
511077
742374
788624
757386
772876
650135
978510
877660
834291
765406
715861
673492
601857
782887
811298
839367
834786
571560
543491
571563
910662
599740
853908
579001
975281
967419
535037
845013
798768
892364
961788
741885
503664
713607
521788
520853
804400
571067
518530
537125
516788
629579
788417
667279
786704
748535
693451
769834
966995
814433
501677
548151
905687
814398
651052
647092
698666
564619
989443
594462
639985
880900
775333
535170
558380
852966
807830
752040
680178
937186
620407
734631
645412
614559
679200
721353
615051
874309
805607
922595
518380
761828
590652
844017
519930
873955
731249
524651
684980
831836
590611
923160
839362
940677
580899
912061
952837
952074
686936
529833
924713
525437
729102
643514
508558
569292
552816
612231
749888
760875
525100
853228
619345
728592
645779
538676
863995
912051
690632
922720
790646
605448
918054
989186
635057
820666
902762
988980
943657
988502
515338
994242
664967
649946
676329
858722
654177
569818
896350
942499
902776
676902
816349
859019
813808
993798
861700
753468
630768
567303
580884
560511
568315
982764
679177
536278
525917
876975
844564
902700
804071
832426
600163
920464
588096
669353
689340
782734
913451
861816
963296
916461
549787
860632
694143
934310
611049
870729
526597
922922
946532
622155
605962
963722
952605
967045
748865
731143
652805
551331
728051
791888
703028
879590
632773
894267
742526
951676
634303
898769
575681
893800
909574
776297
708195
937381
803081
892671
955219
509588
617311
509590
531906
987843
558966
948757
928969
872076
724834
911095
916279
953840
918599
816357
542241
898100
627612
993567
772512
988369
832691
632743
867676
696991
682421
898711
920995
719176
823037
818179
704435
731930
819297
800029
745720
606997
872001
966654
795523
686302
953047
521894
871560
521010
782872
749933
912112
920866
948577
776748
528201
887549
521374
943438
567815
675349
821157
620015
910081
998691
505956
894141
866218
601723
774328
542102
742841
719912
653599
892396
873185
685546
841660
722779
958847
881821
834602
697635
795963
579235
837916
979052
838945
525020
883049
649085
778941
632016
825950
813723
794151
517712
823398
675102
947943
565177
985234
651327
698555
534008
929300
844674
735485
801123
670162
967471
599413
549320
807707
553812
991082
911930
710662
758980
723683
771151
673387
593203
949194
791504
960305
857293
835212
967260
545829
727265
589376
977150
864310
966117
989548
886800
884486
607650
874135
886134
700549
737417
904389
541501
669332
794288
606202
604257
691090
589932
896992
562421
963445
722385
624640
677922
940606
627812
536872
656302
742986
858794
618850
916923
828598
768197
882039
910778
926942
870103
534643
702961
994580
630810
513296
767974
929954
700341
948516
588541
660284
877434
598285
774140
845877
940979
806907
905498
923215
999700
955336
547778
567007
848455
696864
799743
544262
753926
922312
817969
693664
948708
793887
787427
639330
997913
874952
580062
669862
936802
609956
846698
907693
937628
513115
573192
681542
595049
503696
810278
753015
561951
616447
934885
730599
767753
789461
605251
933772
910242
673159
786305
719215
618821
903002
745563
891186
994127
622213
850073
590271
510294
770102
717880
577531
931406
741482
783166
980079
944454
624913
936370
911637
739089
928945
734610
565879
618484
777452
900451
617922
646950
992503
801177
698917
874272
782268
698663
508723
760606
844889
790431
683594
875962
712259
714129
571781
530664
507026
546751
591185
889063
858780
744045
549443
530772
620822
762003
876887
945197
651685
859460
911373
955427
872972
545743
897393
908683
945429
827463
901588
959185
676894
989947
521143
983203
949077
510899
554915
714179
936080
533948
631546
971193
800743
848687
867403
525495
904780
518156
690181
744169
917920
542829
692769
838617
838129
523209
733213
605500
752617
674428
654801
554645
572139
916884
741902
533100
634958
781889
839801
919806
796144
855276
988863
781805
544984
583754
655941
797597
759338
860870
862412
557163
833913
803289
558338
520509
824075
916187
950848
697067
802844
873208
934031
521490
796352
575079
998154
782098
557330
877980
673980
778757
667967
837779
785911
839518
760964
553164
880107
607447
540882
935572
888339
644383
922848
883744
975932
693798
573908
705953
579339
514057
810787
721601
773274
825576
854792
713045
589800
824521
864471
970375
765142
813185
803845
868950
625446
881773
986226
582553
952125
906944
825779
664849
629774
821926
616870
670527
852078
956717
672847
630327
592332
804067
955857
763319
732173
879671
956024
550550
675197
719518
972677
944896
984713
794830
599794
763466
927613
546204
893404
571536
869317
847525
823683
711902
782902
510974
827310
958632
831234
728773
526959
951198
865203
623160
780552
960215
871701
717559
675617
799625
697687
653869
566954
801484
536475
913443
738457
733692
890125
614275
645905
528073
821722
594172
799335
790143
886569
934887
801776
542886
514757
841340
875364
931970
623800
597222
763250
762844
795852
623481
617916
687217
902896
528524
579917
972617
931314
931825
736140
578967
682339
635047
571914
624516
753008
914027
661120
738842
803917
718467
940117
881995
586930
572174
945998
653949
817919
743522
742665
937027
617665
654435
844290
554177
924273
658381
539998
667715
614258
527806
749613
850504
655031
547709
610814
546197
566117
838865
856437
771269
864482
932504
687007
859658
766458
895828
629566
528803
587482
807294
656877
674753
746539
759147
969013
557006
651912
704691
896149
774530
714648
945985
920608
608153
904913
796249
731489
684390
666251
765481
641196
703295
569565
778881
940324
504077
788129
850651
614867
801227
538163
600530
549795
661015
724156
789996
778790
762858
812759
573206
808545
759305
698438
971015
944109
799782
615013
886498
911960
860549
546584
909811
672274
547497
550584
578420
518387
666512
608970
960791
529736
930028
762557
690518
610461
550565
729791
736960
818946
659606
672130
989691
524098
533356
761682
800922
810761
533477
853195
790435
952501
855152
867115
855599
817297
835475
515281
596545
547312
558045
502703
683880
523051
518491
533172
593475
750200
973709
866857
966521
860958
665708
997721
995602
865863
702878
672105
735316
619077
734468
960918
871909
928180
798966
951846
810664
988599
584200
746772
582780
710870
528637
728477
690925
932574
595831
564877
593525
811284
676510
813203
911041
998935
756915
960802
505097
805031
514435
818970
768566
930960
856133
603085
810396
707031
695523
994856
994525
616986
579459
699986
757308
545420
535055
828064
504830
579160
947452
905014
903756
693545
634841
984110
974612
975646
759795
788116
839937
714489
981126
887364
639180
869171
687940
690816
583760
781627
983718
899490
863702
629955
913473
590440
531804
918262
665559
954176
638181
602753
673838
638030
796239
926116
876526
966155
877651
533840
790550
809489
587637
623789
596748
995468
696531
951974
871635
736853
620912
641844
831891
704002
748261
825464
763847
780345
885404
906220
588310
535163
673021
785444
896730
544666
531024
530529
974008
874674
952125
730246
604312
714768
724790
587685
814850
855133
892891
879055
581111
771330
504367
809001
624263
898760
600528
832236
674753
679235
508943
841073
917418
557728
617931
613782
651423
826328
737327
834783
725118
523348
880639
765719
686523
976537
809062
742214
897811
561957
587379
887499
968109
922838
758002
560300
809532
868012
708845
641600
512843
971613
671542
747368
614659
730004
964476
754082
759718
867454
723072
772644
811685
694737
747975
988288
892083
814013
986727
777394
994938
788547
555965
554379
639973
918681
923276
847158
505068
881649
597839
914184
850205
704782
818582
774935
856956
501853
722667
884569
756055
926314
694813
604233
942959
796617
844307
904856
790388
652759
501194
957493
780891
758475
521248
786786
850441
816028
864155
875476
853082
803110
976141
974484
932661
657354
917310
947163
772474
550566
951009
878539
696694
668952
750494
685063
626023
868789
876063
731199
671930
955348
862093
682897
838177
912827
863790
839829
733399
973338
865950
786458
622446
586034
567260
762170
583055
750681
695442
837085
757531
773728
922713
810317
561861
814975
640877
894990
952474
708192
639886
627513
881667
552442
549193
731425
862371
511842
880067
992218
566861
537650
968826
769713
619894
664139
963085
514723
849392
927497
809328
647627
995261
631937
555594
997887
899774
692625
829061
815127
760027
600936
644578
870131
600900
809154
784455
879755
669552
971274
924987
596775
707626
986129
974929
527390
974591
591945
729345
877362
679769
505947
945038
660997
720594
922527
514571
990965
682389
774739
675623
575839
953906
803309
917399
754988
602763
995538
694707
520907
842415
842899
773659
858715
561736
820246
619411
838462
852230
642137
755447
954437
561120
976815
717468
921463
924956
527921
777028
919620
621886
802215
927363
971514
708440
955983
732412
579494
663997
834764
786791
577009
524650
660474
753501
655494
792579
924464
564786
751374
803483
908331
970101
592769
744797
588474
573234
570697
503570
770957
884655
980487
867673
907788
558008
969474
990653
589174
877230
821295
897006
629422
514570
784709
594206
607926
984577
988995
668794
586188
583014
948927
607853
900721
922537
937015
650126
577736
663242
899531
875699
880305
579771
967555
859908
896254
963188
916573
869724
830143
775225
656555
512058
566299
654355
880561
643618
981775
716340
832978
655367
935459
981880
682341
520116
760855
815628
760471
526086
598695
756931
772799
900198
909051
690624
702063
679523
766042
518064
856863
585548
850978
608603
721585
769290
621913
591236
825200
771468
892159
517559
553058
821905
774716
653954
808447
823959
887007
655082
858336
725854
871346
852677
867195
640731
665975
698679
687474
862105
888581
665527
653971
751224
762759
528680
851817
541502
872185
895812
599075
617601
836104
870260
591561
680927
886350
702278
825055
847225
677863
631926
961727
833498
629778
855119
682765
557782
606327
657123
776455
706537
558195
959325
834563
647037
815034
823921
818633
826867
760579
548909
813339
864318
576710
664255
632298
676266
803301
589427
701455
666778
611606
824730
635268
512140
521643
672494
799548
648811
747056
808494
867708
937247
653765
724469
959859
749082
723757
739840
869406
832457
817657
701783
543864
857470
594678
754411
904763
664701
941222
864434
589800
936453
948077
608400
662452
909708
888058
612161
512647
590846
834689
697610
605745
652942
868841
823228
923604
652831
512482
873601
548522
708661
587153
848216
687805
630775
852440
991403
620343
577584
501566
626009
691160
758433
830299
648479
697632
886043
687627
888787
745989
957891
711496
781933
708619
666058
945605
623304
778779
697282
828373
893009
836262
575632
539933
535984
920022
943489
907723
515201
682792
547817
516965
510940
994630
617997
658763
948602
862546
711098
607604
741767
700805
536328
705345
935254
526053
644747
661847
515965
819572
562184
867557
646127
954329
923219
981082
649335
675000
970056
582235
738236
748369
895454
848076
929693
967125
579344
531357
944678
838482
881828
634440
741478
540690
541172
778469
882320
841503
882658
618542
515101
795240
586168
961417
658915
681216
659503
673597
710197
883954
867127
691347
970242
919437
905173
780236
704112
996989
655877
855933
667311
790211
824354
923414
938428
626089
719130
589427
926648
950667
691132
515970
567310
943388
596277
507317
646892
675723
503194
744012
606742
732774
724919
677097
799022
812085
857357
567175
787044
682461
795002
779530
910315
909952
809641
836587
607687
981463
943121
704337
883534
688464
662174
668837
871762
538917
516666
981897
742222
867532
993174
562394
619322
748431
698744
780214
750089
516614
752126
557643
964872
825613
854548
627915
816261
972587
879093
608563
801855
752057
743781
673065
654894
908739
899460
537216
762462
796097
661782
644223
566642
982985
933251
822060
712520
937675
702997
971941
742107
679450
632942
899856
904224
761490
617433
861508
655800
570589
546816
905013
857444
575432
611044
664481
682604
633254
869233
663503
917198
740223
516131
597450
616508
513099
780674
543636
868437
940589
672836
997948
654149
700893
520224
736471
600549
637792
872644
897309
727364
598446
811192
779709
721678
586536
654890
940304
912202
790193
970840
625089
749003
559408
959332
547079
840444
543459
643226
900227
554131
696066
766331
895716
517628
517673
797600
772915
706273
835064
996911
941520
760672
599936
862856
958866
983363
630700
734615
865935
529512
801460
904356
541337
888066
614148
855457
865336
710816
615655
562862
702467
621456
994222
637838
582287
951681
969079
831153
650620
887536
643066
742455
786491
753052
796483
888278
878774
859155
511983
818523
903096
943277
734486
861072
999551
557622
882841
731630
625016
769998
948341
501316
774396
953516
822646
560062
595610
562434
678287
620676
607230
777210
761814
769033
765034
951560
846858
621566
932313
916033
702116
568762
658738
513983
596978
842897
575459
944468
652785
937966
798352
781462
875703
600163
659415
691274
541373
904488
666787
684867
905059
835658
991787
509149
808005
847323
833421
722569
744620
696013
893807
552547
896299
595931
894702
865981
809284
925787
952371
835361
860265
978389
598819
897586
719354
699751
529765
846423
675465
977038
614479
555334
644259
661410
676764
527449
970538
968981
790310
928168
720365
912308
790184
658777
705530
945351
753189
756642
813716
783773
711487
789471
767310
787949
929990
686211
605084
685115
505846
762307
943645
685380
817525
719365
502274
555041
721781
527516
514060
880544
760960
758652
804874
622201
664278
729481
608737
902345
729900
824707
969046
539840
852573
826931
929566
521846
851674
698360
877000
971382
654038
668268
846902
513581
784012
602770
728152
698417
632661
501271
589247
772388
928837
924394
850979
918625
845424
919372
815508
836571
829568
810023
555505
538609
925864
940548
734020
550671
570195
681286
970408
694448
855166
630020
559482
908688
640067
960039
777600
793180
633339
686946
666206
570814
760954
831428
545911
566781
948779
790174
938857
898784
982042
572352
614413
739457
