100
7649 -2604 -5489 -7080
7355 -9561 -22 8374
5614 9450 -7016 267
1514 -9014 1293 5203
-8386 -8833 -4733 5802
1796 1649 4144 8831
-1832 -819 -7245 -9028
7581 -2625 2581 6160
9396 -4202 -7999 9211
-7993 -7373 9178 -293
9562 2828 -4579 -4649
6486 -51 -5320 -4983
-6453 7023 -2518 2106
-3349 7371 -3975 -2359
-492 2156 -7320 -6111
4059 -3852 -7764 -8864
-1761 7979 -2718 -140
-3290 3294 7331 4060
1261 -5627 -4007 6415
-9676 7387 1352 -6464
7319 510 -558 -7761
-723 -4055 6337 4165
5260 -7535 -1085 -6008
5810 -7490 3105 8106
-2519 -7565 -8421 1855
9859 -8480 -6824 4946
1281 -4750 -1301 -3278
-8721 -8718 9924 4840
-3455 -2081 -23 5679
3187 5443 8107 -3774
-6809 -2441 -1404 -5891
8584 8020 100 2050
-8562 -4452 -1684 -5194
8304 7885 -9078 5711
8258 -5449 -8195 -8653
-7567 9101 -5711 -7903
6272 -2584 8988 3456
2408 3084 7343 -9432
9487 816 6507 1506
-9044 -5814 174 -1514
5628 -9808 -3732 8541
1593 -3520 2276 -9216
242 8580 -2679 6212
-8518 6009 1565 -8626
2770 -5678 7233 3036
4556 -749 -5223 7718
2769 -6767 -751 8020
4598 4839 2915 -8714
-1465 3491 8868 1011
3275 -1025 8007 6861
-3134 -838 -143 -3401
-313 -5764 -9696 7167
5369 3233 4811 6934
-6700 97 -6602 -2214
-5649 -217 9964 -7036
-3515 -7454 90 6651
-6561 6300 9295 -8127
-256 -1995 8789 8813
-5002 8817 6095 8371
-3527 211 9247 1304
-1163 -9804 -359 9645
-8243 6978 -4523 7361
-3320 -7184 7779 8902
-1724 8699 -2815 -7052
-5998 -4684 9375 -2637
5834 -971 5783 -1538
-4818 -4167 1659 3254
3682 2766 -5215 -589
-9379 -976 -5382 9218
2683 -9476 -3580 -4400
6232 8266 9911 4037
-88 4101 9849 -8739
-7409 5811 6898 8258
9557 1046 6022 9004
-4524 -4852 -5883 6330
3120 -720 -4112 -4805
-7427 2685 -7497 6493
966 -8149 766 -1733
8736 7021 6627 -7494
-8268 8283 6015 -6040
9028 3776 5291 -284
4161 2082 -2805 -5625
-9772 -909 3558 840
8900 -9626 1147 7258
8646 8563 -4601 -522
-9099 -222 -4648 -3880
2626 -962 462 -4536
1514 -4088 7987 9164
9653 -4031 -3879 1839
4618 5704 1350 291
6878 -4635 -4038 2264
-7932 -7674 -7307 -8230
853 -6976 5275 -4253
5686 -7813 -2097 1678
-5671 -4751 3313 -9490
-7878 2856 8594 -1980
-2771 4704 -6691 4585
-7920 8137 7871 7610
6798 -8730 -5249 -6143
6630 3662 -3624 -3507
3321 4993 -2365 690
-7849 -5612 -4398 6922
-860 3135 3413 -2258
9866 -1321 -6517 -7839
148 4902 -6976 1686
4 1876 -5112 -7438
-4071 1948 -7059 6165
-8215 9827 -9251 -6427
-3049 1411 3668 5802
-1532 6927 9357 7977
-6418 8060 -1991 5687
1091 -515 -744 -6977
-1430 8645 7302 -8339
4844 9361 518 -3262
2620 8343 9986 468
-214 -1678 7707 -5101
4338 2835 2474 956
4993 8770 6753 -5951
7862 -5520 5571 -5188
5717 -138 8423 3822
-9901 -8456 -3898 -1039
-7800 -625 -2211 4774
-6504 -2287 -6792 3171
6765 -9883 -5808 -2270
-7215 -9352 5247 -1776
8051 -9818 -9752 3961
3050 -762 -2209 -8289
-4476 7504 -4415 3042
-9170 6954 -8138 8652
2741 1165 98 139
1531 -6402 1867 -3248
2650 -4733 -5153 1469
-9069 2736 5921 -2467
7163 -8206 -6507 5621
-9112 -5648 -182 -2013
-4047 2003 2977 2536
-4533 8144 -4395 -7346
7063 -2026 5547 2154
5045 5243 -2493 -7395
7215 4489 216 -9422
9800 -9640 4657 -9289
-505 -4756 -9650 6465
-1077 642 8962 -9419
3535 -8500 4167 -5652
-8593 1653 -9316 -3411
8540 9732 9478 5917
-8548 -9974 6452 -2973
461 8576 2782 7575
3726 -3031 2400 7144
8435 3385 -869 -5355
1878 5344 -2101 -234
-728 -1557 -610 -2915
7832 -2654 4060 3214
3466 -1896 4264 8279
3225 -6827 8878 -2174
204 6947 -5373 7726
6094 5865 7174 9776
-4156 9212 -1068 -5919
8468 7003 -4412 2550
5990 -387 3235 -8483
-8698 926 -415 2313
2360 6860 676 -9033
-8530 -2695 5772 5122
1676 702 6909 3888
8963 5594 -2240 2287
3324 -5234 2762 9669
2450 7630 -6170 2419
-7419 1770 6177 -4223
-9543 3864 6797 7879
7793 4260 9448 69
9561 3452 -9289 -4459
7842 -689 -5155 -3485
-9593 2472 -8236 -4877
3432 8666 -3605 3319
4920 8345 -9761 9039
-7715 -7223 -8825 -1254
3388 8366 -2435 -3784
-1152 5908 7289 -138
7052 522 -6202 -8080
-1945 -3008 -1776 5856
-1151 -7861 -7775 -7061
-4776 -3566 3461 6016
8632 1728 6774 -2512
-1088 -6326 -5964 -639
-5842 9214 -693 -4039
-4326 6432 -8453 6778
-4735 -1268 2128 -4761
-8860 9107 2149 -5887
1612 4534 1714 1115
7008 5756 1159 5170
-4128 7068 306 1819
-7871 1976 -8306 -6790
-9417 -3446 6534 -9858
1528 -2771 -8405 2943
-4428 -5181 -1013 9588
-9562 5104 9687 8411
-4505 -1737 9342 -2076
-3997 7511 -5643 8016
7133 5327 6398 -6257
6832 6834 6951 2297
