100
-9 -28 -22 -18
-22 -18 -9 -28
30 47 -45 -44
39 60 30 55
-32 -3 27 24
27 -9 29 3
20 35 13 3
20 28 19 35
26 30 24 33
24 -39 -32 30
28 26 25 21
25 21 5 -8
10 33 -32 30
12 37 10 33
-39 -7 -41 16
-39 -18 -31 3
-21 -36 5 -37
5 -36 -21 -37
-9 12 40 34
40 34 -9 12
-11 -6 -6 -2
-11 -6 -6 -2
39 32 -26 48
-9 46 39 48
-36 -16 -30 31
-23 -15 -30 40
0 21 -49 -38
3 26 0 21
-21 31 -47 9
-21 36 -17 31
49 -11 21 30
49 30 52 34
-46 -34 -45 37
-44 -15 -45 -48
-10 -45 -30 17
-25 17 -10 13
-43 9 45 21
49 21 45 24
11 6 32 -11
32 -11 11 6
6 40 -21 49
6 52 9 49
49 -5 41 43
-44 -48 41 27
-9 -9 33 -37
33 -9 -9 -37
-2 -43 -1 58
-24 12 -2 -2
39 28 -14 21
39 33 42 28
-8 38 -1 -20
-1 38 -8 -20
-14 31 -8 45
-8 45 -22 31
-24 25 -44 -42
-24 25 -20 26
3 10 8 -42
-38 13 3 -19
1 37 -5 43
-6 -15 1 43
36 1 12 49
37 54 36 49
19 -43 43 22
43 22 42 13
-3 47 -31 -9
-3 -23 4 16
-10 -2 -11 -1
-27 -12 -11 -2
-3 38 -7 36
-13 -37 -7 36
-9 -9 -41 -46
-9 -46 -41 -9
2 -28 38 -19
2 -19 38 -28
-12 48 -5 -18
-12 -18 -5 48
13 38 38 45
38 45 13 38
11 -23 -23 40
-23 40 11 -23
-4 -17 -2 -37
-2 -15 3 20
20 21 -19 -48
28 -23 20 -3
-48 -9 24 50
24 14 31 43
9 9 -43 -42
9 14 11 56
21 47 4 8
21 47 -37 -28
-5 -33 45 -42
28 -36 45 -33
-11 17 -13 15
-13 15 -48 -19
19 -18 26 28
19 1 -30 -37
44 50 -47 -8
44 50 -47 -8
49 39 -25 -36
49 -36 -25 39
-23 -19 20 19
-12 19 20 -11
-29 46 -31 33
-29 -1 -31 46
49 15 43 39
49 -36 -27 39
43 -26 -7 16
44 16 43 20
46 -14 1 5
46 -14 1 5
25 40 14 35
27 -39 25 -1
8 12 -49 -4
16 5 8 10
-13 -6 -12 -4
-12 -15 -14 -4
41 34 22 15
42 38 41 34
-17 24 -16 45
-16 50 -13 45
21 -19 -5 7
21 27 24 -36
45 27 18 34
18 27 45 34
34 -33 -32 -49
38 4 34 53
3 -41 11 21
11 21 3 -41
40 -17 17 47
42 47 40 52
-20 -8 18 -26
-20 -26 18 -8
17 31 25 -29
19 17 25 31
18 -47 16 35
16 -4 -42 -27
16 -44 50 47
16 -44 50 47
-42 -33 -38 30
-38 35 -34 30
32 -24 -15 -1
33 0 32 -1
-5 -18 48 6
49 8 48 6
3 -8 23 17
23 -21 -7 17
38 -15 28 27
38 27 28 0
37 -9 -38 5
37 -12 -44 5
7 21 14 43
7 43 14 21
1 -23 -31 45
-31 45 1 -23
21 30 -41 -48
-41 -48 21 30
-26 -3 -37 26
-20 -29 -26 5
-13 -49 -15 -48
-15 -48 -13 -49
-41 -3 23 -26
23 -3 -41 -26
20 -24 8 44
23 45 20 44
-46 30 28 49
28 -54 34 20
36 13 12 -40
44 37 36 14
22 -5 -29 -32
22 -32 -29 -5
-34 -11 35 26
4 16 35 26
5 -19 -43 -50
5 -19 8 -17
48 3 47 0
47 -49 -14 0
2 -23 39 -19
33 -19 39 -23
-30 -6 34 -18
34 -18 -30 -6
42 47 45 50
42 47 -17 19
48 -11 49 8
49 8 -11 -32
14 19 9 15
14 19 9 15
14 -37 5 -19
14 -19 5 -37
-30 -8 40 31
40 6 18 31
-31 25 -32 30
-47 -5 -32 25
0 -13 33 38
33 38 38 43
17 -60 22 -53
-13 47 17 -47
43 -26 4 44
46 -10 43 41
48 2 13 -4
48 2 -22 -9
