50
10000 0 0 10000
10000 2765 8666 10000
10000 10000 0 0
10000 472 4895 10000
10000 10000 0 0
4741 2515 10000 10000
10000 0 0 10000
4176 10000 10000 8391
0 10000 10000 0
10000 7019 63 10000
10000 0 0 10000
10000 10000 129 425
0 10000 10000 0
10000 10000 6051 7994
0 0 10000 10000
3680 2947 10000 10000
10000 0 0 10000
10000 10000 1103 5059
10000 10000 0 0
5864 10000 10000 8581
0 0 10000 10000
9615 4433 10000 10000
10000 0 0 10000
10000 2364 2885 10000
0 0 10000 10000
1940 8480 10000 10000
0 0 10000 10000
855 10000 10000 8659
10000 0 0 10000
10000 3932 3408 10000
0 10000 10000 0
4638 10000 10000 8643
0 10000 10000 0
3493 9783 10000 10000
10000 10000 0 0
10000 10000 6198 5525
10000 10000 0 0
8083 10000 10000 505
0 10000 10000 0
2316 1826 10000 10000
0 10000 10000 0
10000 10000 6563 5186
10000 0 0 10000
10000 4219 7639 10000
0 10000 10000 0
10000 9488 3717 10000
10000 10000 0 0
10000 10000 5645 5615
0 0 10000 10000
10000 5544 8093 10000
0 0 10000 10000
10000 10000 6342 3218
10000 10000 0 0
10000 10000 7223 9931
10000 10000 0 0
5661 8777 10000 10000
10000 10000 0 0
3869 10000 10000 4217
10000 0 0 10000
9647 2680 10000 10000
10000 10000 0 0
10000 8907 9710 10000
10000 0 0 10000
3724 10000 10000 762
0 10000 10000 0
4125 10000 10000 1187
10000 0 0 10000
10000 10000 4297 7035
0 0 10000 10000
10000 237 7210 10000
10000 0 0 10000
10000 2580 7581 10000
0 0 10000 10000
10000 9797 3637 10000
0 10000 10000 0
8494 10000 10000 2697
0 0 10000 10000
8268 10000 10000 2001
10000 10000 0 0
10000 4824 58 10000
0 0 10000 10000
4568 10000 10000 2096
10000 10000 0 0
10000 8686 3736 10000
10000 0 0 10000
10000 7092 3687 10000
10000 10000 0 0
5034 594 10000 10000
0 0 10000 10000
4886 8661 10000 10000
10000 10000 0 0
10000 1762 1657 10000
0 10000 10000 0
8322 10000 10000 7561
0 10000 10000 0
7620 10000 10000 4290
0 10000 10000 0
10000 7621 3398 10000
0 0 10000 10000
10000 2467 2342 10000
