10
72517551570094154 539239628213472468 244128536571801594 0
752025104440710443 720476740780499852 378771059926506755 0
990211078089588750 308197316314010332 901938748693369258 0
264154479041471129 88589067865703736 858314332118769944 0
482423365353559491 249838135322505908 109181502641355955 0
917270398749613592 427623694737872192 414604947139616134 0
302140787421538747 944681313446973648 497817770958414462 0
320216866692507775 880379098928584808 466558136188674018 0
954762424050799089 656092223138154572 191766117098873847 0
972898618255771648 588492946432338128 208859989848601282 0
