10
611712081605600058 76033458509777735 663708310069882967 615878490457380070
809514087098843535 509900101690218186 942194628661929099 779174511876400722
703133763393707144 698027425531182686 531060078127314127 735093878135184326
790636864853490953 231577050797127758 631035088795570335 93641222638292619
172921795538979688 359638269990597633 432366452103322647 68689313470816927
634491805847316489 533820000666003084 221954929327596043 782907955834450780
377667984095873391 322951338838423218 177601067833375991 537399675087565227
489969827056061986 604580517852522542 922636245855952684 281713550629808126
323504066791137413 202965971944085713 16307501248657469 455961942839740735
706732834967116778 756247406679766807 51256679026823270 387930181297540342
