10
911786751550281922 543321202432899364 225710880817447252 683822868217591436
363588328438400433 21353895931955278 154205079595748346 398385482393995945
420056342859575251 464905530455338339 735981401380920679 858957995888391368
595315054089077564 249201106674548929 766606797743822924 168158067623820662
139992222806177560 27418566000374667 991724314393294956 233352482355648716
773938493871904296 949131601490422454 591632403718875830 722203186075616430
240873098444803620 528487763451133462 641150482613290957 346114991796998144
347170623279595201 294644303078764968 234683968474341306 866251001722649016
283707874547242859 666583885239518084 395009555226518191 505576558100130675
59519204384737663 637270721501611306 235729867207575701 38842099170916080
