10
856514708205511214 474793190097901509 521204077878428520 316054865084328361
855361259461382459 861399095935760545 988848298454871685 70998814316715414
898974342800436279 735874847610436626 796907465483867129 920111310362518090
695398456731247181 83655890884753671 541364925890876192 125272399541792589
503685950662299909 249926661348405257 918149601312993593 110794121113331093
633934199948962214 750833352627929463 198319226513410340 901877116741272657
926162519278611108 157925302348048377 915927063416678210 787915697177240722
560536237866260498 383900429284872247 665106429711788203 554574426431418564
574305287466082049 516914656399926081 657986595781317216 707005020517502885
552635084498174218 869173775564121122 807073245106277578 134232816477027589
