20 20
23 29 24 12 19 3 26 15 18 19 48 28 31 14 5 21 19 14 21 50
34 3 0 42 26 37 38 50 24 47 15 21 34 29 1 4 42 40 25 9
6 15 40 48 41 5 47 45 19 43 36 6 46 32 6 0 1 13 31 31
11 39 38 26 28 34 27 11 0 36 41 30 24 12 48 29 49 37 23 27
9 35 38 11 38 37 36 1 8 34 7 38 39 1 38 9 5 33 33 24
24 24 46 7 44 9 2 35 3 31 4 46 14 2 45 50 42 39 50 19
28 48 37 5 32 5 3 20 43 20 7 6 50 27 42 7 4 22 27 25
31 28 21 39 23 50 3 18 24 40 34 2 14 20 7 47 14 31 12 26
19 33 19 10 32 19 47 28 32 0 13 34 44 44 39 48 31 27 45 31
33 43 47 13 6 26 18 45 41 29 40 30 6 7 10 14 19 12 47 32
35 48 44 39 31 16 28 43 32 39 33 11 5 47 29 16 10 28 30 45
20 41 15 9 0 6 31 49 42 5 27 48 50 19 36 1 25 5 17 14
38 22 11 9 8 5 3 12 0 39 22 43 9 30 26 10 42 2 47 23
17 32 9 26 22 41 8 41 34 33 32 15 43 34 42 18 15 18 37 2
29 49 36 33 42 8 9 30 30 50 1 40 46 33 43 15 8 44 6 21
37 19 41 10 40 17 19 29 24 44 16 27 47 23 21 17 36 20 42 5
41 27 37 18 8 17 27 50 4 3 50 37 47 5 3 2 47 5 4 45
46 0 10 4 27 19 42 48 15 35 26 45 41 30 30 9 39 44 30 38
46 33 7 9 42 37 7 32 48 22 34 46 20 2 21 20 44 21 47 15
32 39 9 38 34 39 48 38 8 34 2 19 47 49 9 41 33 10 10 49
