13 17
50 11 28 42 6 25 2 47 22 16 4 29 29 3 32 35 49
34 38 45 21 23 7 30 11 37 22 4 8 17 20 14 43 44
28 1 32 19 37 34 14 50 50 25 2 8 25 34 19 35 29
2 48 33 13 30 41 30 44 45 46 40 46 6 14 22 18 0
38 50 0 4 35 37 44 25 41 29 34 32 34 3 1 2 35
27 20 23 14 8 19 9 48 10 43 14 35 38 6 8 6 23
40 2 9 16 38 18 43 6 36 29 11 37 34 13 0 15 47
7 30 13 0 6 31 8 34 8 11 40 15 15 24 30 39 46
48 16 13 27 20 0 40 38 22 49 48 12 30 45 21 15 7
47 31 11 11 47 6 29 18 50 46 50 45 46 40 47 4 35
6 40 47 38 0 20 15 27 46 35 44 21 10 14 1 41 22
48 32 31 8 40 26 29 33 16 18 25 13 47 33 18 22 38
3 15 42 8 44 33 47 44 3 49 50 35 47 19 5 32 48
