20
944846388
552200962 473719581
689380848 646066085 889707552
942648586 -675289128 -442024811 447425003
365210904 823944047 943356091 -781994958 872885721
-296856571 230380705 944396167 -636263320 -942060800 -116260950
-126531946 -838921202 -778277028 -731398807 -314653898 18778038 246969728
-34919218 -115275763 -551922007 -570898072 -319453881 342979494 951280611 463116372
-279371457 -294033690 -82226052 -800876122 347940779 112073567 729980761 807416009 56805876
-130413010 -825053133 -556881141 230958990 -478929446 -924629440 -566603124 -797009167 -820145103 -591253244
-455778484 489147236 641601459 -391247603 -344881231 482300183 -448563001 -649209742 339937564 -747247861 944949638
-949867581 -425433565 515658985 -497575483 844930337 806389763 -528271683 232507651 -489823657 -879714112 -972125473 715987091
384822968 326442019 -354152717 -399997164 -706068970 492028864 389150386 -278750783 287917995 548965483 -39240411 946703941 -671406475
980903841 371534801 -412013355 193333703 788435407 -70352142 -663424617 -646370454 -128604333 994656288 517683497 853644667 -740080028 481340410
-731160460 674547959 246316811 -79696595 -259596068 -518913330 -750143573 947347980 304995108 -888689438 115592546 -584684283 -62758451 -629933676 -629932637
802775053 -826067131 -753401359 683499026 898834389 -369758776 -995705459 739504575 399013057 714457518 -322841012 443684468 567201248 -136505922 -17730416 138914808
624583366 638354594 557942666 -883263926 794916631 433112139 -647607836 -747572219 -22414632 196739302 -283756331 -972785282 -843014004 232279353 604682958 -766780503 -799720148
-285358958 -447427776 380180257 -815492111 422232905 677511491 -353588205 425164792 -904821269 691420442 -941707672 -582528096 -528335338 101938738 88001557 504911763 -973900784 -663783882
-948921890 987591661 431452843 599317459 132364791 924688973 -709808854 915367726 -329784624 878793747 -729341603 -100254973 -409354444 -765446240 -166691725 -788179915 -531844379 -485025396 -575796452
845048537 -513821828 -791241573 -352708554 -730759775 191900839 -163002910 903053612 -700481228 391503437 -822311600 -36813435 46633015 -993039027 -616098668 -595065431 747951745 361947456 -331510146 -130122651
