13
538234447
-906741420 539695507
468490242 -623348723 785665865
-627415040 773034272 732671098 -794725607
66069044 512244500 285063314 210866444 609763733
349076319 -359377460 -660159686 -478016346 -408887025 -499530124
-748131625 -798081616 182644152 486113791 150705024 271954687 -43032674
-72937075 -278709037 682708716 -489564715 163790954 568483985 -640574102 95751601
-879640567 -30802734 -810128300 88985281 -946937199 -386278398 -933831602 929165094 -452299140
648962490 -230811166 -435531687 -340114294 145239112 -136216009 360916957 961819798 933955199 856255406
993712134 458267571 -864525446 452076148 858992907 -219328316 -970260405 -867553656 240976594 590129879 657012414
823170958 -617345468 -661511393 -508755338 372342184 -846634840 575436506 -52164284 -96390762 791047981 -908551386 -998114589
292230173 622522195 -532286528 -164267121 160248883 204907169 726746460 -7437868 -799532214 -384723461 638686100 821566989 843894783
