17
834848610
879246962 565294796
317841493 352735468 112488252
478156116 202883567 159810754 667695375
682010133 127870488 798319740 36973749 921783415
377958336 200843950 711923484 217857556 193767825 242213319
314374711 485889 133240789 55985880 240832436 976724745 457560879
543992394 682469010 654040180 406341111 718945735 296711432 655090778 366110953
691181686 838104004 643805337 583591798 141048970 342015070 948746259 919940810 57465027
11699772 918870184 99541261 546407902 542725563 565479826 510032911 190280784 887475888 159192125
225852465 588447899 882467192 374423237 135790013 158444710 949438177 818797513 312841850 851448817 107795871
183658438 594000038 973303456 326358759 874625132 500761982 218201023 936062610 90861717 127795175 166147261 29236595
662838979 167471773 547084426 806755196 379354911 330702701 391864699 804224280 897617940 25017356 279606950 770576397 28366752
478643137 1621105 342132195 843078536 306370045 754824065 504740412 875778409 487242041 840232362 333620312 55536660 27046917 35929179
90885835 21722776 546969921 911132737 330969554 452166040 300868693 493584464 670200617 984542067 301503428 91157946 873166094 877631919 690284784
955425310 461304659 929213635 758072283 75976737 26406043 952791104 422904943 817520125 17116249 278049190 790731996 16760696 834851765 995475921 733495208
564829134 630153364 876560849 72465570 726160910 5834123 878427319 338057614 772150081 109378569 531040367 462100430 112058945 358394644 554111180 28044249 787397978
