20
453565239212130368 -158383418928640761
453565239212130368 -158383418928640761
654291650399946377 -90028755382580866
330850979776709910 -297860555289176647
-999999999999381751 999999999999399848
535412 -517315
-614027518440461461 279007464412096169
-614027518440461461 279213355544190818
0 0
-1000000000000000000 -999999999999999999
1000000000000000000 1000000000000000000
-1000000000000000000 999999999999999999
-366044483771238549 -160661267706078959
11333173481239002 -276689833424571051
766159566424938456 625656114521082214
766159566424938456 625656114521082214
652260281885260792 -365484898541255357
652260281885260792 319217230645525061
-605498285222238955 -618756771421481243
-605498285222238955 -618756771298024454
-959643195752150298 -64018022106943796
-959643195752150298 -64018022106943796
-964308904308067688 669667563708507208
-964308904308067688 963956100900400244
-143816352121434427 452840887781041269
-992424911995360782 -217225380739830420
-999999999999556494 999999999999049026
268014 -775482
-498221901022971809 945127928626917563
-498221901022971809 945127928626917563
-769773621812008952 305947819373631441
-769773621812008952 305947819373631441
999999999999999999 -1000000000000000000
-1000000000000000000 1000000000000000000
-43286187738849976 216376366370729785
456713812261150024 516376366370729785
-999999999999400511 999999999999103913
-108100 -188498
530294557651008334 -795723403830042835
974183678128058080 614141877421175955
