20
-369363592036897601 521476279644020903
-469363592036897601 -378523720355979097
-650458725985215819 -166138447333868053
-650458725985215819 -166138447333868053
-999999999999695004 999999999999495021
23424 -223407
-588177972227009549 -108778072634316450
-588177972227009549 -108778072634316450
-8989598191804506 853490471048856666
-8989598191804506 853490471048856666
-42404805603788016 -137726746455047980
-47253891415436254 742697074767748718
802963409007245752 754213219546631322
802963409007245752 -316415089049147006
-1000000000000000000 1000000000000000000
1000000000000000000 1000000000000000000
0 -999999999999999999
-1000000000000000000 -999999999999999999
-999999999999246922 999999999999503687
707268 -450503
808237807055216855 493297476309964651
808237807055216855 -3301580209483187
572082249792997208 876272613046737416
572082249792997208 876272614046737353
-1000000000000000000 0
-1000000000000000000 -999999999999999999
-999999999999878828 999999999999544339
-215932 -118557
490761412821982227 157837663214205927
-256242926143727606 7027401462677069
139571992859237541 256168265429169877
139571992859237541 599137392635375761
-1000000000000000000 999999999999999999
0 -1000000000000000000
1000000000000000000 1000000000000000000
1000000000000000000 -999999999999999999
-1000000000000000000 999999999999999999
0 0
-82170219376656410 149809964330372854
517829780623343590 149809964330372854
