20
-999999999999999999 999999999999999999
-1000000000000000000 0
728899667889054583 -568013770237919007
728899667889054583 304567168196616824
131611661260164537 822843930161278663
131611661260164537 -499756670888978711
-719247307519202877 533473691744140502
-719247307519202877 533473692744140439
942430650804820562 -463402468392049479
-419584238498969772 -996629528828796273
-784469112101909752 220093531285179373
-784469112101909752 -372869014247108091
283816654467519185 393328118824581713
483816654467519185 693328118824581713
-999999999999174010 999999999999303490
452522 -323042
-767948572211673242 -814578391485964278
-767948572211673242 -814578391485964278
-999999999999190628 999999999999098689
629510 -721449
0 -999999999999999999
-999999999999999999 1000000000000000000
464793574662429295 489823065831825594
-608463922575144654 -295097516203381484
-803056006161246935 687461037224522228
-921480099795155389 687461037224522228
-600204374126378397 604797372881562897
-600204374126378397 309342372837256435
-649462443050245995 -175013603522074152
-649462443050245995 24986396477925848
-848957324696393602 -724536011786165821
-848957324696393602 710357399054696576
891766669216935475 -254928000132551428
891766669216935475 -924643528238924784
-999999999999526572 999999999999854876
164338 163966
-999999999999210815 999999999999635771
623777 -198821
-11107459639062649 999748411038666310
-395094393739158908 999748411038666310
