20
-999999999999652135 999999999999630206
342851 -364780
-999999999999092105 999999999999324526
619060 -386639
703215439517986654 -576027335418120083
-753381721146666268 -576027335418120083
64457743840280796 -97403830017810179
864457743840280796 -897403830017810179
-999999999999889274 999999999999595265
-603479 309470
-999999999999052090 999999999999159041
825036 -718085
-999999999999191408 999999999999377051
615635 -429992
-724547025379420388 422314406113834465
-724547025379420388 375113626685915294
-532064268705954353 -432230912321865097
-89187266607207243 -301050952586203081
-999999999999285107 999999999999656394
323340 47947
-150617172256890826 119272637351163326
885349928447995775 -708861006887844360
413258241852986822 -746046616293402195
-367942354294245599 -38017428877747820
-43631148142622164 766247763456551128
-43631148142622164 866247763456551128
171162129231617813 -789459585009150120
971162129231617813 -689459585009150120
300742474534897109 -837891718462821976
-811688895505428001 794587366418527686
998248263229054445 768061202354849277
998248263229054445 768061202354849277
-999999999999419569 999999999999628861
524079 -314787
148057567308127496 260303526516017440
148057567308127496 260303526516017440
729047253821768174 75612070951819972
-779989039863364123 75612070951819972
522388716926960083 87674726326249097
522388716926960083 572658797733225490
