20
92093322353102783 53677700622889701
92093322353102783 53677700622889701
320510727542619867 -17550055539748314
-596940157071136077 -177733356309385236
-999999999999228711 999999999999749103
519367 1025
593339763363418700 330558310623431155
-21259906916799633 830046249155689045
-999999999999951918 999999999999989427
10406 27103
-464358812532798958 -547934993308228156
135834760645254333 107777102951693903
-764905053708508439 -923522970329564097
-764905053708508439 -723522970329564097
-144371687355696702 980134871135561766
-144371687355696702 980340762267656415
-30875168647728093 -47439915893764450
377793133911841007 700006584486094730
-902378838288386475 -390395128032130123
-902378838288386475 -190395128032130123
-87723099117747439 -726268026535019207
-87723099117747439 -726268025535019270
-1000000000000000000 0
0 0
-999999999999999999 0
1000000000000000000 -1000000000000000000
-729011562754340064 -427664323570649075
-729011562754340064 -427664323570649075
228456860297039728 -375516956027350757
-53819881804724051 -912481028530195349
-810018406991449965 906575391748738691
-928892223131487909 -590241256741280434
-999999999999674621 999999999999706424
-162941 194744
-588906637115133401 558221871148984864
-588906637115133401 558221871272441653
-1000000000000000000 999999999999999999
1000000000000000000 999999999999999999
-764069454647849231 -988599605693914573
-764069454647849231 -988393714561819924
