20
93960925933244258 101689410499672046
93960925933244258 101689410499672046
-999999999999999999 -1000000000000000000
-1000000000000000000 0
-999999999999136575 999999999999670985
670365 -135955
-477736106709508858 878750211441973483
-477736106709508858 878750211441973483
676513885642547845 -312070674314568485
676513885642547845 -312070674314568485
142639523681362978 -390323928354925434
549928955069339259 126665632645707141
-600065276615528678 -415897573897822452
-600065276615528678 -415897573897822452
513469603553284688 27139712592459621
-380120357929265404 -159487900780435931
-640811604708646862 -120200379144100999
-806345640016535676 -26999310952238834
-999999999999999999 999999999999999999
999999999999999999 1000000000000000000
990396666754981108 -445024385840537137
-578789658606919945 -445024385840537137
-21301362707164723 -793824874527417589
101675889547474261 -793824874527417589
-999999999999901022 999999999999655501
-2040 -243481
147261160088365084 -563116975864300494
147261160088365084 -239808249600503584
-669131362126906557 589419729194474681
-669131362126906557 522420022347667412
-726481582806816167 -190963500299363058
-584622592793603006 -207846573131124276
-999999999999151595 999999999999736373
434763 150015
104503989419986671 402574691747463677
288348846701531631 402574691747463677
-824284410151374639 628740138525254715
324885617865588 -81509151506239087
-999999999999640209 999999999999015876
155427 -779760
