20
-523003029594917650 116899112036690359
-523003029594917650 116899112036690359
892834539764262016 -674368306561978591
892834539764262016 -674368305561978654
29481654358957350 -930885781828392056
29481654358957350 -730885781828392056
-761992943293460275 535590902874056342
300464336404300752 535590902874056342
599524090874087129 385986445110929948
-948218787130413833 385986445110929948
-999999999999405472 999999999999147961
592184 -849695
-999999999999522955 999999999999614196
-70522 161763
-999999999999952595 999999999999461123
-130670 -360802
214996654991805700 32695696398402157
214996654991805700 32695696398402157
-958641233929494369 182158656038622452
-817401879202049340 45097191724957118
0 1000000000000000000
-999999999999999999 -1000000000000000000
-378183037845659728 387876162987117108
-378183037845659728 387876162987117108
0 1000000000000000000
0 -999999999999999999
671348877795474920 -355366224120336887
806780808391498761 831099606429678577
520217343013107453 -689007311255201536
1758666676006120 -529284660317729179
-608610738645740146 805251933930602636
-341408123335783466 805251933930602636
63348032587545425 -405679732756989546
63348032587545425 -405679732756989546
-232482369720865658 586682108143480832
-232482369720865658 586682108143480832
301906091708660765 -985887038291017810
301906091708660765 -853213454418949915
-184987288208689380 742080044660023761
-184987288208689380 742080044660023761
