60
-100000 -100000
100000 100000
100000 -100000
-100000 100000
-52483 -67805
73390 17656
-12298 -37218
-48112 28323
64675 29508
-52035 25769
-22544 20148
-30655 -48589
-33468 81372
-69068 -14951
36866 76900
99870 -54300
-38513 -55691
-37768 -47513
92630 -4178
50875 33101
-47082 77630
98207 29411
-43352 87771
-21633 -30533
-98254 -10152
6271 -42213
90606 6411
41006 -9321
55572 50262
38080 -28658
-29333 57268
85789 -20521
44664 -69898
-26252 25148
48870 31270
-61937 30032
79289 65442
-57989 -50233
-45779 69672
79895 14553
-65563 6695
34605 25918
50402 -73466
84706 -47247
54240 -31998
40040 -10967
72290 42832
23032 -76752
28889 -61226
25189 -60105
28319 -79332
-34578 69950
-75723 42470
-7613 -46558
65094 3105
51737 39635
78658 98760
38091 -98346
-65162 80689
-77152 25406
