60
44925 -15553
36103 52726
9427 -4351
-15128 -60633
-21680 -65177
20462 -78068
54486 -90759
53232 -15654
-45732 28544
-81246 -5610
-61559 -32189
-45334 -50523
-83418 62083
27584 25735
-3540 9544
25064 -81981
-46883 -94573
-30967 13582
-49945 25159
-25443 -6644
29212 -32245
-24308 -45035
64977 -13620
-28145 21946
-12939 -32117
41256 -31239
-2233 -43803
18979 42849
-85561 -36756
-19510 607
-53705 -92333
-15423 67401
80119 44959
61161 -60332
92697 81584
99184 16517
-62079 2571
-90724 73369
-48569 -858
72026 96127
-67082 46956
-82499 -76445
92773 83148
75562 90574
-38744 23724
-9541 65410
-12379 -96285
-8473 -44320
-47680 -90351
40109 -69435
81064 -9657
-60124 -10733
63938 -34691
12995 -8172
-38078 -52152
-59925 76311
22662 -25897
-5400 -39553
-57691 -11173
-20349 80658
