60
-50000 50000
-48000 48000
-46000 46000
-44000 44000
-42000 42000
-40000 40000
-38000 38000
-36000 36000
-34000 34000
-32000 32000
-30000 30000
-28000 28000
-26000 26000
-24000 24000
-22000 22000
-20000 20000
-18000 18000
-16000 16000
-14000 14000
-12000 12000
-10000 10000
-8000 8000
-6000 6000
-4000 4000
-2000 2000
0 0
2000 -2000
4000 -4000
6000 -6000
8000 -8000
10000 -10000
12000 -12000
14000 -14000
16000 -16000
18000 -18000
20000 -20000
22000 -22000
24000 -24000
26000 -26000
28000 -28000
-2 3
2 2
4 -4
-3 4
-4 -1
0 1
-4 2
-1 2
3 -5
4 5
5 2
3 3
3 -1
-5 -5
-2 -2
1 -1
-5 -2
4 1
2 4
0 4
