98
2 3 2
3 5 4
4 9 8
5 12 13
6 19 18
24 25 7
32 8 33
41 9 40
51 50 10
60 61 11
72 12 73
13 85 84
99 98 14
112 15 113
129 16 128
145 144 17
162 18 163
19 180 181
200 20 201
21 220 221
243 242 22
265 264 23
288 24 289
25 312 313
339 26 338
364 365 27
392 28 393
420 421 29
30 450 451
481 480 31
513 512 32
33 544 545
578 579 34
612 35 613
36 648 649
685 37 684
38 722 723
761 760 39
40 801 800
840 841 41
883 882 42
925 43 924
969 44 968
45 1013 1012
46 1059 1058
47 1104 1105
1152 1153 48
1201 49 1200
1250 50 1251
1301 51 1300
1353 1352 52
1405 53 1404
1458 54 1459
1513 55 1512
56 1568 1569
57 1624 1625
1682 1683 58
1740 1741 59
1801 60 1800
61 1861 1860
1922 1923 62
63 1984 1985
2048 64 2049
65 2112 2113
2178 66 2179
2245 67 2244
2312 2313 68
2381 69 2380
2450 2451 70
71 2521 2520
72 2593 2592
2664 2665 73
74 2739 2738
75 2812 2813
76 2888 2889
77 2965 2964
3042 78 3043
3121 79 3120
3201 3200 80
3280 81 3281
3362 3363 82
3444 83 3445
84 3529 3528
3612 85 3613
86 3698 3699
3784 3785 87
3873 3872 88
3960 89 3961
4051 90 4050
91 4141 4140
92 4233 4232
4325 4324 93
94 4419 4418
4512 4513 95
96 4608 4609
97 4704 4705
4803 98 4802
4901 4900 99
