100
951045677 5791041 8830074
250961862 407264954 462363806
801248436 642588250 679643302
787732072 850558421 982841935
951220268 234241801 581977852
276777100 332115899 465427466
628896948 366339787 824387755
128178836 340587750 251235294
599595449 246811893 763820511
862184341 947657914 461055985
57360433 141045526 370014413
830456567 855505128 720408383
496805039 611772236 517100043
224092605 752329534 395560319
739629493 400719500 821309717
922074134 667325726 476146824
996165829 593585145 432620472
837188001 242917779 254026728
282243599 459192852 606331537
440878449 116965827 806598245
920804956 677131420 650220089
515410618 548556248 422767356
212709324 153997269 536957671
78537911 637878101 344110571
382926204 12602511 5700727
461441683 368568054 185254458
915183785 144111017 602323849
422528908 540775628 950243634
457122572 513272113 348423493
816294110 951894357 763032518
992216960 199319632 701986089
809168334 860254972 33747347
65331522 494700467 230360414
520145595 412234269 423384289
121735141 149471869 294820639
995345389 13997358 871738361
844956308 375270592 425064082
200487838 813874335 415221559
216292351 748971533 691575748
88982955 222539631 511232063
553180009 455830822 127736917
183661072 821189376 939221137
354185452 741135532 687246127
69562384 471185851 57994331
656680030 529547388 413135266
800688915 779582035 539448220
501903794 476194412 840275341
910216969 709270189 399320221
62793059 611833299 643194134
388204771 999256575 977596958
326349751 223289708 549965148
353193489 720456406 173082660
595935012 521520452 575813032
667734874 273130642 766544250
577317838 821890444 947893846
461481871 90959627 685840743
277505490 5185751 71793800
198380329 123136317 352318413
132485756 360100605 519832921
752776765 9433721 686930844
517728865 552469704 48030009
270778842 947178248 925264540
522349510 256023952 360235832
509655109 778230445 171642756
199582612 660433796 44617207
97588421 700493479 76912693
230861377 52465526 676206140
722341059 747684528 865686692
572172383 979853386 216127231
892430114 991928935 988560150
563310298 953761961 408902874
649486302 832570350 431703926
83484201 419162647 713202223
16452835 127571070 784733930
653654464 126648778 746136378
302625895 683848266 430328481
999603028 478050747 624348545
630629449 55628371 823313479
537455150 79223502 710099288
800505353 901883081 896324891
402046202 476030755 478081891
711495995 338049912 97543570
628863887 963336837 28515506
433212010 100903939 707700254
739076671 754112147 154440479
275889085 221148383 165013309
316863299 964105824 209015555
571641370 669073292 457617878
861651590 431085667 423271147
663454944 550617695 273436177
481145562 171133899 532466567
969849307 619718206 550306566
509426667 339510698 288283251
457187182 643690051 523538345
317836742 922762864 480352031
294912887 14050232 91350002
634267395 474007117 398355923
167867343 17112680 576632325
9352675 982321961 209265825
742036515 487473566 735917538
