100
659124340 659124340 659124340
1000000000 985748682 1000000000
782927957 502881988 1000000000
1000000000 302621955 780936548
500704106 500704106 500704106
1000000000 58299816 1000000000
272260685 659780433 932041118
380645728 1000000000 1000000000
1000000000 864417525 985944789
1000000000 434861418 1000000000
1000000000 1000000000 331776469
1000000000 367823924 1000000000
899724878 133665627 899724878
17554300 825957880 808403580
1000000000 1454816 1000000000
969286432 696577436 969286432
1000000000 910173555 817161923
41971093 41971093 41971093
581080872 581080872 581080872
876862213 1000000000 901349613
920224394 1000000000 605213714
745930218 929893029 745930218
806145491 1000000000 336255523
1000000000 361055392 914218644
1000000000 1000000000 694954020
152116511 1000000000 1000000000
899115814 514791041 384324773
942677377 1000000000 792750076
1 1000000000 1000000000
709936733 709936733 709936733
698437377 1000000000 1000000000
1000000000 1000000000 12317303
1000000000 1000000000 205812264
580430935 499641180 80789755
40899948 923150995 882251047
1000000000 11543741 1000000000
989587170 387396855 602190315
1000000000 1 1000000000
1000000000 1 1000000000
1000000000 1000000000 21700978
1000000000 1000000000 652705530
108723622 985811518 1000000000
1 1000000000 1000000000
587740394 775640179 775640179
290911349 290911349 290911349
818487193 818487193 818487193
1 1000000000 1000000000
761210266 178221011 582989255
366121495 366121495 366121495
1000000000 90527592 1000000000
638589674 285434374 353155300
246735616 904006212 246735616
221726153 221726153 24595852
1000000000 171040312 1000000000
1000000000 1000000000 1
224619821 224619821 696370551
1000000000 1 1000000000
1000000000 1000000000 1
1 1000000000 1000000000
1000000000 1000000000 261785888
1 1000000000 1000000000
1000000000 1 1000000000
1000000000 1000000000 572856558
587107432 87627766 87627766
163407701 163407701 163407701
746793064 1000000000 640831018
917302272 917302272 917302272
1000000000 1000000000 1
784181298 148010412 932191710
646085207 745256794 745256794
1 1000000000 1000000000
134781341 134781341 134781341
382277847 519736772 902014619
1000000000 1 1000000000
150360131 883703897 733343766
917952695 917952695 917952695
454054924 454054924 454054924
1000000000 1000000000 1
701338304 776425128 75086824
1000000000 1 1000000000
840746972 278857097 1000000000
1000000000 1 1000000000
1000000000 758882896 1000000000
169391536 169391536 169391536
94340203 94340203 94340203
393088372 393088372 393088372
537040295 499782123 1000000000
831940794 831940794 831940794
439131069 475455753 475455753
672385622 292838266 379547356
820070185 1000000000 1000000000
543775770 543775770 543775770
1 1000000000 1000000000
113472682 113472682 113472682
1000000000 1000000000 417645822
1000000000 1 1000000000
790586518 790586518 790586518
929167955 929167955 929167955
222933912 222933912 222933912
625334726 337666174 287668552
