99
5 4 3
12000006 20000010 16000008
24000009 32000012 40000015
36000012 60000020 48000016
80000025 48000015 64000020
60000018 80000024 100000030
96000028 72000021 120000035
112000032 140000040 84000024
160000045 96000027 128000036
144000040 180000050 108000030
200000055 120000033 160000044
132000036 220000060 176000048
192000052 240000065 144000039
208000056 260000070 156000042
280000075 168000045 224000060
240000064 300000080 180000048
256000068 192000051 320000085
340000090 204000054 272000072
216000057 288000076 360000095
228000060 304000080 380000100
320000084 400000105 240000063
336000088 420000110 252000066
352000092 264000069 440000115
460000120 276000072 368000096
480000125 288000075 384000100
500000130 300000078 400000104
312000081 520000135 416000108
540000140 432000112 324000084
448000116 560000145 336000087
348000090 580000150 464000120
480000124 600000155 360000093
496000128 372000096 620000160
512000132 384000099 640000165
528000136 660000170 396000102
544000140 680000175 408000105
420000108 560000144 700000180
576000148 432000111 720000185
444000114 592000152 740000190
456000117 608000156 760000195
624000160 780000200 468000120
480000123 640000164 800000205
820000210 656000168 492000126
840000215 504000129 672000172
860000220 516000132 688000176
704000180 528000135 880000225
540000138 720000184 900000230
736000188 552000141 920000235
564000144 752000192 940000240
576000147 960000245 768000196
588000150 784000200 980000250
13 5 12
19200012 8000005 20800013
16000005 41600013 38400012
62400013 57600012 24000005
32000005 76800012 83200013
40000005 96000012 104000013
124800013 115200012 48000005
145600013 134400012 56000005
64000005 153600012 166400013
187200013 72000005 172800012
192000012 80000005 208000013
88000005 228800013 211200012
230400012 249600013 96000005
104000005 270400013 249600012
112000005 291200013 268800012
288000012 120000005 312000013
307200012 332800013 128000005
353600013 136000005 326400012
374400013 144000005 345600012
364800012 152000005 395200013
160000005 416000013 384000012
168000005 403200012 436800013
176000005 422400012 457600013
441600012 184000005 478400013
460800012 499200013 192000005
200000005 480000012 520000013
208000005 499200012 540800013
518400012 561600013 216000005
224000005 537600012 582400013
556800012 603200013 232000005
576000012 240000005 624000013
248000005 595200012 644800013
665600013 614400012 256000005
686400013 633600012 264000005
652800012 707200013 272000005
672000012 280000005 728000013
288000005 691200012 748800013
296000005 710400012 769600013
790400013 304000005 729600012
748800012 312000005 811200013
320000005 832000013 768000012
328000005 852800013 787200012
873600013 806400012 336000005
894400013 344000005 825600012
844800012 352000005 915200013
360000005 936000013 864000012
368000005 883200012 956800013
376000005 902400012 977600013
998400013 384000005 921600012
