100
79 89 21
37 73 79
96 33 94
63 67 54
11 97 63
94 68 39
26 71 57
70 8 44
62 80 26
68 59 18
75 2 21
40 61 16
9 18 61
70 10 16
92 21 68
18 3 22
1 45 75
64 4 58
34 62 97
5 23 91
29 22 83
87 63 86
81 30 59
89 42 4
30 8 5
10 92 83
15 56 60
67 53 10
55 84 18
23 35 40
14 16 81
97 95 34
43 97 12
7 99 16
73 20 34
8 73 78
72 32 88
77 53 60
61 89 50
93 94 56
58 40 18
13 28 19
29 38 86
53 69 94
8 51 66
61 62 98
66 77 25
21 97 76
3 41 75
5 62 39
82 5 100
59 56 67
14 43 64
66 68 77
24 62 19
89 38 53
27 57 13
87 83 86
21 54 96
30 65 68
62 63 60
98 50 98
37 78 90
85 8 10
68 53 3
71 75 13
91 32 86
81 85 18
56 36 88
65 42 69
33 63 29
82 79 14
47 97 35
76 45 43
72 25 48
32 31 62
37 93 10
27 10 48
72 28 9
86 83 81
93 16 96
31 25 11
56 13 68
81 70 1
63 50 21
4 49 11
37 20 2
58 20 52
44 50 4
74 49 40
14 96 86
25 90 35
13 97 61
47 41 72
59 19 47
94 22 56
33 83 76
18 14 72
15 95 28
28 44 63
